[[np.float64(0.0), 0.0, 645.1162933238923, 1184.7894522938095, 0.0, 50.07772409914302, 0.0]]
[[np.float64(0.0), 0.0, 632.7629349310886, 1191.650765096156, 0.0, 44.58396301110396, 0.0]]
[[np.float64(0.0), 0.0, 620.3977830824047, 1198.332603678217, 0.0, 38.89892322647993, 0.0]]
[[np.float64(0.0), 0.0, 608.0245463795409, 1204.8329650082082, 0.0, 33.024310267818464, 0.0]]
[[np.float64(0.0), 0.0, 595.6469358341443, 1211.149900488296, 0.0, 26.96188650290864, 0.0]]
[[np.float64(0.0), 0.0, 583.2686637549109, 1217.2815165387117, 0.0, 20.71347061600724, 0.0]]
[[np.float64(0.0), 0.0, 570.8934426343114, 1223.2259751653698, 0.0, 14.280937062182064, 0.0]]
[[np.float64(0.0), 0.0, 558.524984035261, 1228.9814945108085, 0.0, 7.666215504932521, 0.0]]
[[np.float64(0.0), 0.0, 546.1669974780742, 1234.5463493883005, 0.0, 0.8712902372599384, 0.0]]
[[np.float64(0.0), 0.0, 533.8231893280442, 1239.9188717989593, 0.0, 0.0, 6.101800413642256]]
[[np.float64(0.0), 0.0, 521.4972616839663, 1245.0974514317077, 0.0, 0.0, 13.250964697898029]]
[[np.float64(0.0), 0.0, 509.19291126794707, 1250.0805361459284, 0.0, 0.0, 20.574058070472777]]
[[np.float64(0.0), 0.0, 496.91382831683774, 1254.8666324366816, 0.0, 0.0, 28.068883834528695]]
[[np.float64(0.0), 0.0, 484.6636954756094, 1259.4543058823338, 0.0, 0.0, 35.73319380041288]]
[[np.float64(0.0), 0.0, 472.4461866930144, 1263.8421815744612, 0.0, 0.0, 43.564688960084254]]
[[np.float64(0.0), 0.0, 460.26496611985993, 1268.0289445299152, 0.0, 0.0, 51.561020176775045]]
[[np.float64(0.0), 0.0, 448.12368701022683, 1272.0133400849124, 0.0, 0.0, 59.71978888968091]]
[[np.float64(0.0), 0.0, 436.0259906259545, 1275.7941742710311, 0.0, 0.0, 68.03854783346898]]
[[np.float64(0.0), 0.0, 423.97550514473664, 1279.3703141730093, 0.0, 0.0, 76.51480177238551]]
[[np.float64(0.0), 0.0, 411.9758445721369, 1282.7406882682355, 0.0, 0.0, 85.14600824874533]]
[[np.float64(0.0), 0.0, 400.0306076578627, 1285.9042867478238, 0.0, 0.0, 93.92957834557767]]
[[np.float64(0.0), 0.0, 388.1433768166214, 1288.8601618191842, 0.0, 0.0, 102.86287746320129]]
[[np.float64(0.0), 0.0, 376.31771705387433, 1291.6074279899963, 0.0, 0.0, 111.94322610949212]]
[[np.float64(0.0), 0.0, 364.55717489681837, 1294.145262333495, 0.0, 0.0, 121.1679007036096]]
[[np.float64(0.0), 0.0, 352.86527733091316, 1296.4729047350024, 0.0, 0.0, 130.53413439294022]]
[[np.float64(0.0), 0.0, 341.24553074227515, 1298.5896581196162, 0.0, 0.0, 140.03911788301394]]
[[np.float64(0.0), 0.0, 329.7014198662479, 1300.494888660992, 0.0, 0.0, 149.68000028014052]]
[[np.float64(0.0), 0.0, 318.23640674247173, 1302.1880259711743, 0.0, 0.0, 159.45388994651904]]
[[np.float64(0.0), 0.0, 306.8539296767679, 1303.6685632713804, 0.0, 0.0, 169.35785536756063]]
[[np.float64(0.0), 0.0, 295.5574022101363, 1304.9360575437288, 0.0, 0.0, 179.38892603116278]]
[[np.float64(0.0), 0.0, 284.3502120951865, 1305.9901296638388, 0.0, 0.0, 189.54409331867652]]
[[np.float64(0.0), 0.0, 273.2357202803101, 1306.8304645142723, 0.0, 0.0, 199.8203114072944]]
[[np.float64(0.0), 0.0, 262.21725990188713, 1307.456811078781, 0.0, 0.0, 210.21449818359153]]
[[np.float64(0.0), 0.0, 251.29813528484365, 1307.8689825173299, 0.0, 0.0, 220.72353616794518]]
[[np.float64(0.0), 0.0, 240.4816209518475, 1308.0668562218855, 0.0, 0.0, 231.34427344955444]]
[[np.float64(0.0), 0.0, 229.7709606414465, 1308.0503738529267, 0.0, 0.0, 242.0735246317814]]
[[np.float64(0.0), 0.0, 219.16936633544307, 1307.819541356703, 0.0, 0.0, 252.9080717875286]]
[[np.float64(0.0), 0.0, 208.68001729579203, 1307.374428963199, 0.0, 0.0, 263.84466542436877]]
[[np.float64(0.0), 0.0, 198.30605911131596, 1306.715171164837, 0.0, 0.0, 274.88002545913395]]
[[np.float64(0.0), 0.0, 188.05060275451953, 1305.8419666758932, 0.0, 0.0, 286.01084220167456]]
[[np.float64(0.0), 0.0, 177.91672364878968, 1304.755078372675, 0.0, 0.0, 297.2337773474931]]
[[np.float64(0.0), 0.0, 167.90746074625852, 1303.4548332144452, 0.0, 0.0, 308.5454649789538]]
[[np.float64(0.0), 0.0, 158.02581561660293, 1301.9416221451377, 0.0, 0.0, 319.9425125747677]]
[[np.float64(0.0), 0.0, 148.2747515470616, 1300.2158999758824, 0.0, 0.0, 331.4215020274511]]
[[np.float64(0.0), 0.0, 138.6571926539311, 1298.2781852483795, 0.0, 0.0, 342.97899066845537]]
[[np.float64(0.0), 0.0, 129.17602300581316, 1296.129060079171, 0.0, 0.0, 354.6115123006534]]
[[np.float64(0.0), 0.0, 119.83408575887185, 1293.7691699848415, 0.0, 0.0, 366.31557823788154]]
[[np.float64(0.0), 0.0, 110.63418230436493, 1291.199223688206, 0.0, 0.0, 378.08767835121705]]
[[np.float64(0.0), 0.0, 101.5790714286968, 1288.4199929055605, 0.0, 0.0, 389.9242821216869]]
[[np.float64(0.0), 0.0, 92.67146848625649, 1285.4323121150217, 0.0, 0.0, 401.8218396990807]]
[[np.float64(0.0), 0.0, 83.91404458527273, 1282.2370783060674, 0.0, 0.0, 413.7767829665625]]
[[np.float64(0.0), 0.0, 75.30942578695048, 1278.8352507103264, 0.0, 0.0, 425.7855266107518]]
[[np.float64(0.0), 0.0, 66.86019231810974, 1275.2278505136944, 0.0, 0.0, 437.84446919696]]
[[np.float64(0.0), 0.0, 58.568877797571744, 1271.4159605498958, 0.0, 0.0, 449.9499942492556]]
[[np.float64(0.0), 0.0, 50.43796847652955, 1267.4007249755361, 0.0, 0.0, 462.09847133503774]]
[[np.float64(0.0), 0.0, 42.46990249311455, 1263.1833489267872, 0.0, 0.0, 474.2862571537901]]
[[np.float64(0.0), 0.0, 34.66706914140426, 1258.7650981577754, 0.0, 0.0, 486.50969662968885]]
[[np.float64(0.0), 0.0, 27.0318081550683, 1254.1472986607982, 0.0, 0.0, 498.7651240077392]]
[[np.float64(0.0), 0.0, 19.566409005883482, 1249.3313362684812, 0.0, 0.0, 511.04886395311115]]
[[np.float64(0.0), 0.0, 12.273110217323012, 1244.3186562379885, 0.0, 0.0, 523.3572326533441]]
[[np.float64(0.0), 0.0, 5.154098693420316, 1239.110762817418, 0.0, 0.0, 535.6865389230874]]
[[np.float64(0.0013030521496568946), 1.7884909368796442, 0.0, 1233.7092187945047, 0.0, 0.0, 548.0330853110518]]
[[np.float64(0.0062312050693904145), 8.552576959700106, 0.0, 1228.1156450277801, 0.0, 0.0, 560.393169208835]]
[[np.float64(0.011027826807160464), 15.136131200334662, 0.0, 1222.3317199603096, 0.0, 0.0, 572.7630839612912]]
[[np.float64(0.015691479133282654), 21.53717963129995, 0.0, 1216.3591791161693, 0.0, 0.0, 585.1391199781068]]
[[np.float64(0.020220763699636966), 27.75380296414698, 0.0, 1210.1998145798104, 0.0, 0.0, 597.5175658462599]]
[[np.float64(0.024614322458888373), 33.784137224858156, 0.0, 1203.8554744584592, 0.0, 0.0, 609.8947094430165]]
[[np.float64(0.028870838071620265), 39.626374312654065, 0.0, 1197.3280623277192, 0.0, 0.0, 622.2668390491398]]
[[np.float64(0.032989034301260586), 45.27876254204534, 0.0, 1190.6195366605466, 0.0, 0.0, 634.6302444619731]]
[[np.float64(0.03696767639668431), 50.7396071679698, 0.0, 1183.7319102397669, 0.0, 0.0, 646.9812181080702]]
[[np.float64(0.04080557146237033), 56.007270893847476, 0.0, 1176.667249554297, 0.0, 0.0, 659.3160561550246]]
[[np.float64(0.044501568816010174), 61.08017436241284, 0.0, 1169.4276741792785, 0.0, 0.0, 671.6310596221848]]
[[np.float64(0.04805456033345684), 65.95679662917078, 0.0, 1162.01535614028, 0.0, 0.0, 683.9225354899039]]
[[np.float64(0.05146348078091048), 70.63567561833472, 0.0, 1154.4325192617848, 0.0, 0.0, 696.1867978069998]]
[[np.float64(0.05472730813424275), 75.11540856111192, 0.0, 1146.6814385001437, 0.0, 0.0, 708.4201687960993]]
[[np.float64(0.057845063885362535), 79.39465241620272, 0.0, 1138.7644392611903, 0.0, 0.0, 720.6189799565185]]
[[np.float64(0.060815813335533764), 83.47212427239084, 0.0, 1130.6838967027443, 0.0, 0.0, 732.7795731643675]]
[[np.float64(0.06363866587555396), 87.34660173309966, 0.0, 1122.4422350221769, 0.0, 0.0, 744.8983017695333]]
[[np.float64(0.06631277525271319), 91.0169232828039, 0.0, 1114.0419267292973, 0.0, 0.0, 756.9715316892264]]
[[np.float64(0.06883733982444896), 94.48198863518121, 0.0, 1105.485491904733, 0.0, 0.0, 768.9956424977503]]
[[np.float64(0.0712116027986275), 97.74075906290761, 0.0, 1096.7754974440604, 0.0, 0.0, 780.9670285121781]]
[[np.float64(0.07343485246036978), 100.79225770898543, 0.0, 1087.9145562878887, 0.0, 0.0, 792.882099873601]]
[[np.float64(0.07550642238536652), 103.6355698795265, 0.0, 1078.9053266381443, 0.0, 0.0, 804.7372836236318]]
[[np.float64(0.07742569163960814), 106.26984331788942, 0.0, 1069.7505111607898, 0.0, 0.0, 816.529024775841]]
[[np.float64(0.07919208496547095), 108.6942884600905, 0.0, 1060.4528561751945, 0.0, 0.0, 828.2537873817923]]
[[np.float64(0.08080507295411382), 110.90817867142479, 0.0, 1051.0151508304355, 0.0, 0.0, 839.908055591378]]
[[np.float64(0.08226417220411682), 112.91085046420405, 0.0, 1041.4402262687447, 0.0, 0.0, 851.4883347071177]]
[[np.float64(0.08356894546633191), 114.7017036965701, 0.0, 1031.7309547763703, 0.0, 0.0, 862.9911522321137]]
[[np.float64(0.08471900177488695), 116.28020175230299, 0.0, 1021.8902489221016, 0.0, 0.0, 874.4130589113482]]
[[np.float64(0.08571399656431683), 117.64587170158809, 0.0, 1011.921060683718, 0.0, 0.0, 885.7506297660095]]
[[np.float64(0.08655363177277418), 118.79830444267712, 0.0, 1001.8263805626121, 0.0, 0.0, 897.0004651205306]]
[[np.float64(0.0872376559313021), 119.7371548244182, 0.0, 991.6092366868813, 0.0, 0.0, 908.1591916220493]]
[[np.float64(0.0877658642391275), 120.4621417495992, 0.0, 981.2726939031174, 0.0, 0.0, 919.2234632519579]]
[[np.float64(0.08813809862496703), 120.97304825909254, 0.0, 970.8198528572028, 0.0, 0.0, 930.1899623292708]]
[[np.float64(0.08835424779431503), 121.26972159675957, 0.0, 960.2538490643634, 0.0, 0.0, 941.0554005054784]]
[[np.float64(0.08841424726270866), 121.35207325510868, 0.0, 949.5778519687761, 0.0, 0.0, 951.8165197506156]]
[[np.float64(0.08831807937495215), 121.22007900168093, 0.0, 938.7950639929893, 0.0, 0.0, 962.4700933302212]]
[[np.float64(0.08806577331030163), 120.87377888616675, 0.0, 927.9087195774749, 0.0, 0.0, 973.0129267729322]]
[[np.float64(0.0876574050736052), 120.31327722824508, 0.0, 916.922084210562, 0.0, 0.0, 983.4418588283804]]
[[np.float64(0.08709309747239927), 119.53874258614738, 0.0, 905.8384534490765, 0.0, 0.0, 993.753762415139]]
[[np.float64(0.08637302007997291), 118.55040770596202, 0.0, 894.6611519299545, 0.0, 0.0, 1003.9455455584176]]
[[np.float64(0.08549738918440737), 117.34856945168866, 0.0, 883.393532373145, 0.0, 0.0, 1014.014152317226]]
[[np.float64(0.08446646772360845), 115.933588716068, 0.0, 872.0389745760907, 0.0, 0.0, 1023.956563700737]]
[[np.float64(0.08328056520634788), 114.30589031220768, 0.0, 860.600884400083, 0.0, 0.0, 1033.7697985735547]]
[[np.float64(0.08194003761934145), 112.46596284604338, 0.0, 849.0826927488187, 0.0, 0.0, 1043.4509145496509]]
[[np.float64(0.0804452873203893), 110.41435856966967, 0.0, 837.4878545394306, 0.0, 0.0, 1052.997008874656]]
[[np.float64(0.0787967629176115), 108.15169321558591, 0.0, 825.8198476663306, 0.0, 0.0, 1062.4052192962815]]
[[np.float64(0.07699495913481345), 105.67864581190503, 0.0, 814.0821719581603, 0.0, 0.0, 1071.6727249225878]]
[[np.float64(0.07504041666302384), 102.99595847858342, 0.0, 802.2783481281648, 0.0, 0.0, 1080.7967470678543]]
[[np.float64(0.07293372199824742), 100.1044362047301, 0.0, 790.4119167183069, 0.0, 0.0, 1089.7745500857823]]
[[np.float64(0.07067550726548426), 97.0049466070663, 0.0, 778.4864370374329, 0.0, 0.0, 1098.603442189799]]
[[np.float64(0.06826645002906301), 93.69841966960014, 0.0, 766.5054860938158, 0.0, 0.0, 1107.2807762602024]]
[[np.float64(0.06570727308935218), 90.18584746460482, 0.0, 754.4726575223915, 0.0, 0.0, 1115.803950637914]]
[[np.float64(0.06299874426590225), 86.46828385497264, 0.0, 742.3915605070098, 0.0, 0.0, 1124.1704099045992]]
[[np.float64(0.06014167616709331), 82.54684417804702, 0.0, 730.2658186980196, 0.0, 0.0, 1132.3776456489113]]
[[np.float64(0.057136925946345826), 78.42270491101232, 0.0, 718.0990691255269, 0.0, 0.0, 1140.4231972186533]]
[[np.float64(0.05398539504497872), 74.09710331795608, 0.0, 705.8949611086325, 0.0, 0.0, 1148.3046524586018]]
[[np.float64(0.05068802892178384), 69.57133707869941, 0.0, 693.6571551609891, 0.0, 0.0, 1156.0196484337953]]
[[np.float64(0.0472458167694025), 64.84676389951237, 0.0, 681.389321893005, 0.0, 0.0, 1163.5658721380644]]
[[np.float64(0.04365979121758535), 59.924801105826354, 0.0, 669.0951409110139, 0.0, 0.0, 1170.9410611875742]]
[[np.float64(0.03993102802343184), 54.80692521707554, 0.0, 656.7782997137605, 0.0, 0.0, 1178.1430044992085]]
[[np.float64(0.036060645748688315), 49.494671503775514, 0.0, 644.4424925865021, 0.0, 0.0, 1185.1695429535412]]
[[np.float64(0.03204980542421951), 43.98963352699715, 0.0, 632.0914194930972, 0.0, 0.0, 1192.018570042253]]
[[np.float64(0.027899710201739505), 38.2934626603535, 0.0, 619.7287849663745, 0.0, 0.0, 1198.6880324997478]]
[[np.float64(0.023611604992910852), 32.40786759464886, 0.0, 607.3582969971419, 0.0, 0.0, 1205.1759309188112]]
[[np.float64(0.019186776095926367), 26.33461382534756, 0.0, 594.9836659221583, 0.0, 0.0, 1211.4803203501217]]
[[np.float64(0.014626550809674295), 20.075523123000195, 0.0, 582.6086033114007, 0.0, 0.0, 1217.5993108854202]]
[[np.float64(0.00993229703561157), 13.632472986798899, 0.0, 570.2368208549633, 0.0, 0.0, 1223.5310682241804]]
[[np.float64(0.00510542286746211), 7.007396081421872, 0.0, 557.8720292499236, 0.0, 0.0, 1229.2738142236033]]
[[np.float64(0.00014737616885929624), 0.2022796573309047, 0.0, 545.5179370875002, 0.0, 0.0, 1234.82582743176]]
[[np.float64(0.0), 0.0, 6.780835045295368, 533.1782497408553, 0.0, 0.0, 1240.1854436037536]]
[[np.float64(0.0), 0.0, 13.939853408821625, 520.8566682538479, 0.0, 0.0, 1245.351056200702]]
[[np.float64(0.0), 0.0, 21.272628066420427, 508.55688823109944, 0.0, 0.0, 1250.3211168714329]]
[[np.float64(0.0), 0.0, 28.77695954615739, 496.28259872968056, 0.0, 0.0, 1255.094135916716]]
[[np.float64(0.0), 0.0, 36.45059693069917, 484.0374811527711, 0.0, 0.0, 1259.6686827359176]]
[[np.float64(0.0), 0.0, 44.29123853245031, 471.8252081456107, 0.0, 0.0, 1264.0433862559255]]
[[np.float64(0.0), 0.0, 52.29653258391505, 459.6494424940756, 0.0, 0.0, 1268.2169353422196]]
[[np.float64(0.0), 0.0, 60.46407794307447, 447.5138360262179, 0.0, 0.0, 1272.1880791919723]]
[[np.float64(0.0), 0.0, 68.79142481357442, 435.42202851708623, 0.0, 0.0, 1275.9556277090546]]
[[np.float64(0.0), 0.0, 77.27607547950066, 423.3776465971645, 0.0, 0.0, 1279.5184518608366]]
[[np.float64(0.0), 0.0, 85.91548505452474, 411.3843026647523, 0.0, 0.0, 1282.875484016674]]
[[np.float64(0.0), 0.0, 94.70706224519603, 399.4455938026146, 0.0, 0.0, 1286.0257182679827]]
[[np.float64(0.0), 0.0, 103.64817012815021, 387.56510069922365, 0.0, 0.0, 1288.9682107298024]]
[[np.float64(0.0), 0.0, 112.73612694100113, 375.74638657491704, 0.0, 0.0, 1291.7020798237581]]
[[np.float64(0.0), 0.0, 121.9682068866803, 363.9929961132983, 0.0, 0.0, 1294.2265065423378]]
[[np.float64(0.0), 0.0, 131.34164095097896, 352.3084543981951, 0.0, 0.0, 1296.5407346944085]]
[[np.float64(0.0), 0.0, 140.85361773305348, 340.69626585649235, 0.0, 0.0, 1298.6440711318855]]
[[np.float64(0.0), 0.0, 150.50128428863994, 329.15991320716773, 0.0, 0.0, 1300.5358859575094]]
[[np.float64(0.0), 0.0, 160.2817469857276, 317.7028564168301, 0.0, 0.0, 1302.2156127136334]]
[[np.float64(0.0), 0.0, 170.1920723724344, 306.32853166208656, 0.0, 0.0, 1303.682748552008]]
[[np.float64(0.0), 0.0, 180.2292880568232, 295.0403502990425, 0.0, 0.0, 1304.9368543844737]]
[[np.float64(0.0), 0.0, 190.39038359839674, 283.84169784024584, 0.0, 0.0, 1305.9775550145391]]
[[np.float64(0.0), 0.0, 200.67231141100103, 272.7359329393822, 0.0, 0.0, 1306.804539249798]]
[[np.float64(0.0), 0.0, 211.0719876768712, 261.72638638402435, 0.0, 0.0, 1307.4175599951454]]
[[np.float64(0.0), 0.0, 221.58629327154088, 250.81636009673943, 0.0, 0.0, 1307.8164343267802]]
[[np.float64(0.0), 0.0, 232.21207469933918, 240.00912614485333, 0.0, 0.0, 1308.001043546957]]
[[np.float64(0.0), 0.0, 242.94614503919797, 229.30792575916925, 0.0, 0.0, 1307.9713332194772]]
[[np.float64(0.0), 0.0, 253.7852849004802, 218.71596836193254, 0.0, 0.0, 1307.7273131859097]]
[[np.float64(0.0), 0.0, 264.72624338854854, 208.23643060433656, 0.0, 0.0, 1307.2690575625313]]
[[np.float64(0.0), 0.0, 275.76573907977877, 197.8724554138557, 0.0, 0.0, 1306.596704717998]]
[[np.float64(0.0), 0.0, 286.9004610057315, 187.62715105169502, 0.0, 0.0, 1305.710457231737]]
[[np.float64(0.0), 0.0, 298.12706964618354, 177.50359018063222, 0.0, 0.0, 1304.6105818330884]]
[[np.float64(0.0), 0.0, 309.4421979307189, 167.50480894354072, 0.0, 0.0, 1303.2974093212094]]
[[np.float64(0.0), 0.0, 320.8424522485889, 157.6338060528602, 0.0, 0.0, 1301.77133446576]]
[[np.float64(0.0), 0.0, 332.3244134665232, 147.8935418912968, 0.0, 0.0, 1300.0328158883974]]
[[np.float64(0.0), 0.0, 343.88463795420233, 138.28693762401778, 0.0, 0.0, 1298.0823759251425]]
[[np.float64(0.0), 0.0, 355.519658617071, 128.81687432260563, 0.0, 0.0, 1295.920600469609]]
[[np.float64(0.0), 0.0, 367.2259859361945, 119.48619210104073, 0.0, 0.0, 1293.5481387971931]]
[[np.float64(0.0), 0.0, 379.00010901483336, 110.29768926396139, 0.0, 0.0, 1290.9657033702474]]
[[np.float64(0.0), 0.0, 390.83849663143735, 101.25412146747149, 0.0, 0.0, 1288.1740696243032]]
[[np.float64(0.0), 0.0, 402.73759829872546, 92.35820089272961, 0.0, 0.0, 1285.174075735406]]
[[np.float64(0.0), 0.0, 414.693845328554, 83.61259543258328, 0.0, 0.0, 1281.9666223686384]]
[[np.float64(0.0), 0.0, 426.70365190223237, 75.01992789148338, 0.0, 0.0, 1278.5526724078986]]
[[np.float64(0.0), 0.0, 438.7634161459874, 66.58277519892084, 0.0, 0.0, 1274.9332506670241]]
[[np.float64(0.0), 0.0, 450.86952121123517, 58.30366763662184, 0.0, 0.0, 1271.109443582329]]
[[np.float64(0.0), 0.0, 463.0183363593458, 50.18508807973435, 0.0, 0.0, 1267.082398886678]]
[[np.float64(0.0), 0.0, 475.20621805057635, 42.22947125223136, 0.0, 0.0, 1262.8533252651644]]
[[np.float64(0.0), 0.0, 487.4295110368382, 34.43920299675578, 0.0, 0.0, 1258.4234919925048]]
[[np.float64(0.0), 0.0, 499.6845494579825, 26.816619559125172, 0.0, 0.0, 1253.7942285522815]]
[[np.float64(0.0), 0.0, 511.967657941262, 19.364006887711525, 0.0, 0.0, 1248.966924238102]]
[[np.float64(0.0), 0.0, 524.2751527036482, 12.083599947906801, 0.0, 0.0, 1243.9430277368374]]
[[np.float64(0.0), 0.0, 536.6033426566731, 4.9775820518774845, 0.0, 0.0, 1238.7240466940443]]
[[np.float64(0.0), 0.0, 548.9485305134584, 0.0, 1.9519157961882911, 0.0, 1233.311547261699]]
[[np.float64(0.0), 0.0, 561.3070138976077, 0.0, 8.702815539145616, 0.0, 1227.7071536283931]]
[[np.float64(0.0), 0.0, 573.6750864536191, 0.0, 15.273092690077355, 0.0, 1221.912547532114]]
[[np.float64(0.0), 0.0, 586.049038958498, 0.0, 21.660776939413285, 0.0, 1215.9294677557732]]
[[np.float64(0.0), 0.0, 598.4251604342271, 0.0, 27.863952745798418, 0.0, 1209.7597096056168]]
[[np.float64(0.0), 0.0, 610.7997392607608, 0.0, 33.88075991054002, 0.0, 1203.4051243726942]]
[[np.float64(0.0), 0.0, 623.1690642892145, 0.0, 39.70939413544707, 0.0, 1196.867618777527]]
[[np.float64(0.0), 0.0, 635.5294259549133, 0.0, 45.348107563914695, 0.0, 1190.149154398154]]
[[np.float64(0.0), 0.0, 647.8771173899645, 0.0, 50.795209305072916, 0.0, 1183.251747081734]]
[[np.float64(0.0), 0.0, 660.2084355350207, 0.0, 56.04906594085303, 0.0, 1176.1774663398553]]
[[np.float64(0.0), 0.0, 672.5196822498995, 0.0, 61.10810201581648, 0.0, 1168.9284347277624]]
[[np.float64(0.0), 0.0, 684.8071654227333, 0.0, 65.97080050959788, 0.0, 1161.5068272076703]]
[[np.float64(0.0), 0.0, 697.0672000773055, 0.0, 70.63570329182501, 0.0, 1153.9148704963582]]
[[np.float64(0.0), 0.0, 709.296109478248, 0.0, 75.1014115593717, 0.0, 1146.1548423972413]]
[[np.float64(0.0), 0.0, 721.4902262337687, 0.0, 79.36658625582184, 0.0, 1138.2290711171265]]
[[np.float64(0.0), 0.0, 733.6458933955769, 0.0, 83.42994847300895, 0.0, 1130.1399345678403]]
[[np.float64(0.0), 0.0, 745.7594655556705, 0.0, 87.29027983451883, 0.0, 1121.889859652958]]
[[np.float64(0.0), 0.0, 757.8273099396715, 0.0, 90.94642286103726, 0.0, 1113.4813215398322]]
[[np.float64(0.0), 0.0, 769.8458074963673, 0.0, 94.39728131742966, 0.0, 1104.916842917153]]
[[np.float64(0.0), 0.0, 781.8113539831312, 0.0, 97.64182054145598, 0.0, 1096.1989932382442]]
[[np.float64(0.0), 0.0, 793.7203610469124, 0.0, 100.67906775401312, 0.0, 1087.3303879503464]]
[[np.float64(0.0), 0.0, 805.5692573004516, 0.0, 103.5081123508216, 0.0, 1078.3136877100949]]
[[np.float64(0.0), 0.0, 817.3544893934095, 0.0, 106.12810617546207, 0.0, 1069.1515975854431]]
[[np.float64(0.0), 0.0, 829.0725230780888, 0.0, 108.53826377367952, 0.0, 1059.8468662442624]]
[[np.float64(0.0), 0.0, 840.7198442694233, 0.0, 110.73786262888315, 0.0, 1050.4022851298662]]
[[np.float64(0.0), 0.0, 852.292960098923, 0.0, 112.72624337877, 0.0, 1040.8206876237102]]
[[np.float64(0.0), 0.0, 863.7883999622491, 0.0, 114.50281001300381, 0.0, 1031.1049481955008]]
[[np.float64(0.0), 0.0, 875.2027165601199, 0.0, 116.06703005189551, 0.0, 1021.2579815409936]]
[[np.float64(0.0), 0.0, 886.5324869322188, 0.0, 117.41843470602393, 0.0, 1011.282741707715]]
[[np.float64(0.0), 0.0, 897.7743134838088, 0.0, 118.55661901675846, 0.0, 1001.182221208891]]
[[np.float64(0.0), 0.0, 908.9248250047326, 0.0, 119.48124197763431, 0.0, 990.959450125834]]
[[np.float64(0.0), 0.0, 919.9806776805036, 0.0, 120.19202663654342, 0.0, 980.617495199056]]
[[np.float64(0.0), 0.0, 930.9385560951796, 0.0, 120.68876017871928, 0.0, 970.1594589084021]]
[[np.float64(0.0), 0.0, 941.7951742257138, 0.0, 120.97129399047749, 0.0, 959.5884785424442]]
[[np.float64(0.0), 0.0, 952.5472764274956, 0.0, 121.03954370370406, 0.0, 948.9077252574513]]
[[np.float64(0.0), 0.0, 963.1916384107764, 0.0, 120.89348922107334, 0.0, 938.120403126192]]
[[np.float64(0.0), 0.0, 973.7250682076914, 0.0, 120.53317472198646, 0.0, 927.2297481768699]]
[[np.float64(0.0), 0.0, 984.1444071295858, 0.0, 119.95870864923265, 0.0, 916.2390274224684]]
[[np.float64(0.0), 0.0, 994.4465307143621, 0.0, 119.17026367637564, 0.0, 905.1515378808087]]
[[np.float64(0.0), 0.0, 1004.6283496635551, 0.0, 118.16807665586977, 0.0, 893.9706055855997]]
[[np.float64(0.0), 0.0, 1014.6868107688684, 0.0, 116.95244854793269, 0.0, 882.6995845887957]]
[[np.float64(0.0), 0.0, 1024.6188978278763, 0.0, 115.5237443301848, 0.0, 871.3418559545414]]
[[np.float64(0.0), 0.0, 1034.4216325486334, 0.0, 113.88239288808758, 0.0, 859.9008267450196]]
[[np.float64(0.0), 0.0, 1044.09207544291, 0.0, 112.02888688621367, 0.0, 848.3799289984984]]
[[np.float64(0.0), 0.0, 1053.627326707784, 0.0, 109.9637826203882, 0.0, 836.7826186998908]]
[[np.float64(0.0), 0.0, 1063.0245270953394, 0.0, 107.68769985074026, 0.0, 825.1123747441286]]
[[np.float64(0.0), 0.0, 1072.2808587701923, 0.0, 105.20132161572215, 0.0, 813.3726978926663]]
[[np.float64(0.0), 0.0, 1081.3935461545937, 0.0, 102.50539402714577, 0.0, 801.567109723426]]
[[np.float64(0.0), 0.0, 1090.3598567608622, 0.0, 99.60072604630145, 0.0, 789.6991515744967]]
[[np.float64(0.0), 0.0, 1099.177102010895, 0.0, 96.48818924122646, 0.0, 777.7723834819147]]
[[np.float64(0.0), 0.0, 1107.8426380424933, 0.0, 93.16871752519089, 0.0, 765.7903831118246]]
[[np.float64(0.0), 0.0, 1116.353866502292, 0.0, 89.64330687648787, 0.0, 753.7567446873611]]
[[np.float64(0.0), 0.0, 1124.708235325028, 0.0, 85.91301503960216, 0.0, 741.6750779105614]]
[[np.float64(0.0), 0.0, 1132.9032394989238, 0.0, 81.97896120785613, 0.0, 729.5490068796375]]
[[np.float64(0.0), 0.0, 1140.9364218169706, 0.0, 77.84232568762391, 0.0, 717.3821690019274]]
[[np.float64(0.0), 0.0, 1148.8053736138493, 0.0, 73.50434954420994, 0.0, 705.1782139028571]]
[[np.float64(0.0), 0.0, 1156.5077354883115, 0.0, 68.96633422950894, 0.0, 692.940802331237]]
[[np.float64(0.0), 0.0, 1164.0411980107713, 0.0, 64.22964119154824, 0.0, 680.6736050612218]]
[[np.float64(0.0), 0.0, 1171.4035024161074, 0.0, 59.29569146934623, 0.0, 668.3803017906431]]
[[np.float64(0.0), 0.0, 1178.5924412805473, 0.0, 54.165965256646935, 0.0, 656.0645800390873]]
[[np.float64(0.0), 0.0, 1185.6058591841402, 0.0, 48.84200146779919, 0.0, 643.7301340401001]]
[[np.float64(0.0), 0.0, 1192.4416533570345, 0.0, 43.32539727275329, 0.0, 631.3806636336602]]
[[np.float64(0.0), 0.0, 1199.0977743100862, 0.0, 37.61780761790256, 0.0, 619.0198731564143]]
[[np.float64(0.0), 0.0, 1205.5722264494996, 0.0, 31.720944729594997, 0.0, 606.6514703305709]]
[[np.float64(0.0), 0.0, 1211.8630686752904, 0.0, 25.636577600463962, 0.0, 594.2791651517728]]
[[np.float64(0.0), 0.0, 1217.968414963411, 0.0, 19.366531458733327, 0.0, 581.9066687762955]]
[[np.float64(0.0), 0.0, 1223.886434931344, 0.0, 12.912687220650085, 0.0, 569.5376924078898]]
[[np.float64(0.0), 0.0, 1229.6153543870148, 0.0, 6.276980926218523, 0.0, 557.175946184618]]
[[np.float64(0.0), 0.0, 1235.1534558608485, 0.5385968416061525, 0.0, 0.0, 544.8251380660088]]
[[np.float64(0.0), 0.0, 1240.499079120806, 7.53200155407784, 0.0, 0.0, 532.4889727208648]]
[[np.float64(0.0), 0.0, 1245.6506216702528, 14.701135350007146, 0.0, 0.0, 520.1711504160577]]
[[np.float64(0.0), 0.0, 1250.6065392285127, 22.043847665102206, 0.0, 0.0, 507.8753659066472]]
[[np.float64(0.0), 0.0, 1255.3653461939543, 29.557935877121157, 0.0, 0.0, 495.60530732765494]]
[[np.float64(0.0), 0.0, 1259.9256160894813, 37.241145966634605, 0.0, 0.0, 483.3646550878203]]
[[np.float64(0.0), 0.0, 1264.2859819902744, 45.09117319321164, 0.0, 0.0, 471.157080765679]]
[[np.float64(0.0), 0.0, 1268.4451369336875, 53.10566278681491, 0.0, 0.0, 458.9862460082907]]
[[np.float64(0.0), 0.0, 1272.401834311145, 61.28221065420316, 0.0, 0.0, 446.8558014329463]]
[[np.float64(0.0), 0.0, 1276.1548882419327, 69.61836410012936, 0.0, 0.0, 434.76938553218343]]
[[np.float64(0.0), 0.0, 1279.703173928785, 78.11162256311758, 0.0, 0.0, 422.73062358244323]]
[[np.float64(0.0), 0.0, 1283.0456279951325, 86.75943836559594, 0.0, 0.0, 410.7431265566911]]
[[np.float64(0.0), 0.0, 1286.181248803938, 95.55921747816224, 0.0, 0.0, 398.8104900413278]]
[[np.float64(0.0), 0.0, 1289.10909675801, 104.50832029775624, 0.0, 0.0, 386.9362931577183]]
[[np.float64(0.0), 0.0, 1291.828294581697, 113.60406243949467, 0.0, 0.0, 375.124097488663]]
[[np.float64(0.0), 0.0, 1294.3380275838988, 122.84371554194679, 0.0, 0.0, 363.3774460101257]]
[[np.float64(0.0), 0.0, 1296.6375439022986, 132.2245080855957, 0.0, 0.0, 351.6998620285518]]
[[np.float64(0.0), 0.0, 1298.7261547287483, 141.74362622424547, 0.0, 0.0, 340.0948481240808]]
[[np.float64(0.0), 0.0, 1300.6032345157375, 151.3982146291256, 0.0, 0.0, 328.5658850999815]]
[[np.float64(0.0), 0.0, 1302.2682211638926, 161.18537734543685, 0.0, 0.0, 317.1164309386217]]
[[np.float64(0.0), 0.0, 1303.7206161904344, 171.1021786610822, 0.0, 0.0, 305.74991976427964]]
[[np.float64(0.0), 0.0, 1304.9599848785617, 181.1456439873253, 0.0, 0.0, 294.46976081312016]]
[[np.float64(0.0), 0.0, 1305.9859564076976, 191.3127607511076, 0.0, 0.0, 283.2793374106348]]
[[np.float64(0.0), 0.0, 1306.798223964577, 201.6004792987564, 0.0, 0.0, 272.1820059568533]]
[[np.float64(0.0), 0.0, 1307.3965448351232, 212.0057138108218, 0.0, 0.0, 261.1810949196385]]
[[np.float64(0.0), 0.0, 1307.7807404771102, 222.525343227754, 0.0, 0.0, 250.2799038363596]]
[[np.float64(0.0), 0.0, 1307.9506965735657, 233.1562121861543, 0.0, 0.0, 239.48170232424127]]
[[np.float64(0.0), 0.0, 1307.906363066908, 243.89513196531394, 0.0, 0.0, 228.78972909969778]]
[[np.float64(0.0), 0.0, 1307.647754173809, 254.7388814437586, 0.0, 0.0, 218.20719100693017]]
[[np.float64(0.0), 0.0, 1307.1749483807819, 265.68420806551006, 0.0, 0.0, 207.73726205609026]]
[[np.float64(0.0), 0.0, 1306.4880884204774, 276.7278288157758, 0.0, 0.0, 197.38308247129376]]
[[np.float64(0.0), 0.0, 1305.5873812287214, 287.8664312057757, 0.0, 0.0, 187.1477577487721]]
[[np.float64(0.0), 0.0, 1304.4730978822824, 299.09667426640675, 0.0, 0.0, 177.03435772543963]]
[[np.float64(0.0), 0.0, 1303.1455735174052, 310.41518955045063, 0.0, 0.0, 167.04591565816324]]
[[np.float64(0.0), 0.0, 1301.6052072291257, 321.81858214302247, 0.0, 0.0, 157.18542731400498]]
[[np.float64(0.0), 0.0, 1299.8524619514017, 333.3034316799576, 0.0, 0.0, 147.45585007171297]]
[[np.float64(0.0), 0.0, 1297.8878643180876, 344.86629337382857, 0.0, 0.0, 137.86010203472574]]
[[np.float64(0.0), 0.0, 1295.7120045048143, 356.50369904729246, 0.0, 0.0, 128.40106115596808]]
[[np.float64(0.0), 0.0, 1293.3255360517894, 368.2121581734454, 0.0, 0.0, 119.08156437468445]]
[[np.float64(0.0), 0.0, 1290.7291756676127, 379.98815892288724, 0.0, 0.0, 109.90440676558278]]
[[np.float64(0.0), 0.0, 1287.923703014118, 391.82816921716665, 0.0, 0.0, 100.87234070053549]]
[[np.float64(0.0), 0.0, 1284.9099604723535, 403.72863778830674, 0.0, 0.0, 91.98807502309427]]
[[np.float64(0.0), 0.0, 1281.6888528897307, 415.6859952440781, 0.0, 0.0, 83.25427423606061]]
[[np.float64(0.0), 0.0, 1278.2613473084475, 427.6966551387097, 0.0, 0.0, 74.67355770236459]]
[[np.float64(0.0), 0.0, 1274.6284726752485, 439.75701504871626, 0.0, 0.0, 66.24849885948052]]
[[np.float64(0.0), 0.0, 1270.7913195326205, 451.8634576535108, 0.0, 0.0, 57.98162444762666]]
[[np.float64(0.0), 0.0, 1266.7510396915006, 464.012351820487, 0.0, 0.0, 49.8754137519701]]
[[np.float64(0.0), 0.0, 1262.5088458856242, 476.2000536942434, 0.0, 0.0, 41.93229785907321]]
[[np.float64(0.0), 0.0, 1258.066011407576, 488.4229077896196, 0.0, 0.0, 34.154658927794564]]
[[np.float64(0.0), 0.0, 1253.4238697266971, 500.67724808822067, 0.0, 0.0, 26.544829474876234]]
[[np.float64(0.0), 0.0, 1248.583814088924, 512.9593991380966, 0.0, 0.0, 19.105091675419985]]
[[np.float64(0.0), 0.0, 1243.547297098706, 525.2656771562533, 0.0, 0.0, 11.8376766784648]]
[[np.float64(0.0), 0.0, 1238.3158302831155, 537.5923911336565, 0.0, 0.0, 4.744763937878603]]
[[np.float64(0.0), 0.0, 1232.8909836382834, 549.9358439424032, 0.0, 2.171519441244156, 0.0]]
[[np.float64(0.0), 0.0, 1227.274385158294, 562.2923334447207, 0.0, 8.909099340480646, 0.0]]
[[np.float64(0.0), 0.0, 1221.4677203466845, 574.6581536034768, 0.0, 15.465955250077998, 0.0]]
[[np.float64(0.0), 0.0, 1215.4727317106956, 587.0295955938449, 0.0, 21.840120874871282, 0.0]]
[[np.float64(0.0), 0.0, 1209.2912182384218, 599.4029489158123, 0.0, 28.02968472393461, 0.0]]
[[np.float64(0.0), 0.0, 1202.9250348590178, 611.7745025071807, 0.0, 34.03279068379095, 0.0]]
[[np.float64(0.0), 0.0, 1196.3760918861287, 624.1405458567377, 0.0, 39.847638575006954, 0.0]]
[[np.float64(0.0), 0.0, 1189.6463544447058, 636.4973701172593, 0.0, 45.47248469201135, 0.0]]
[[np.float64(0.0), 0.0, 1182.7378418813792, 648.8412692180068, 0.0, 50.90564232596399, 0.0]]
[[np.float64(0.0), 0.0, 1175.6526271585735, 661.1685409763954, 0.0, 56.145482270530664, 0.0]]
[[np.float64(0.0), 0.0, 1168.3928362325314, 673.475488208483, 0.0, 61.190433310402476, 0.0]]
[[np.float64(0.0), 0.0, 1160.9606474154493, 685.7584198379651, 0.0, 66.03898269242305, 0.0]]
[[np.float64(0.0), 0.0, 1153.3582907219059, 698.0136520033317, 0.0, 70.68967657917068, 0.0]]
[[np.float64(0.0), 0.0, 1145.588047199786, 710.2375091628559, 0.0, 75.14112048486732, 0.0]]
[[np.float64(0.0), 0.0, 1137.6522482458931, 722.426325197085, 0.0, 79.39197969348469, 0.0]]
[[np.float64(0.0), 0.0, 1129.5532749064605, 734.5764445085006, 0.0, 83.44097965891643, 0.0]]
[[np.float64(0.0), 0.0, 1121.2935571627745, 746.6842231180192, 0.0, 87.28690638709587, 0.0]]
[[np.float64(0.0), 0.0, 1112.8755732021148, 758.7460297580052, 0.0, 90.92860679995475, 0.0]]
[[np.float64(0.0), 0.0, 1104.3018486742424, 770.7582469614684, 0.0, 94.36498908110211, 0.0]]
[[np.float64(0.0), 0.0, 1095.5749559336439, 782.7172721471139, 0.0, 97.59502300312575, 0.0]]
[[np.float64(0.0), 0.0, 1086.6975132677774, 794.619518699929, 0.0, 100.61774023641665, 0.0]]
[[np.float64(0.0), 0.0, 1077.6721841115314, 806.4614170469722, 0.0, 103.43223463942489, 0.0]]
[[np.float64(0.0), 0.0, 1068.5016762481507, 818.239415728049, 0.0, 106.03766253025734, 0.0]]
[[np.float64(0.0), 0.0, 1059.188740996857, 829.9499824609508, 0.0, 108.43324293953894, 0.0]]
[[np.float64(0.0), 0.0, 1049.7361723874149, 841.5896052009361, 0.0, 110.61825784445932, 0.0]]
[[np.float64(0.0), 0.0, 1040.1468063218836, 853.154793194138, 0.0, 112.59205238393754, 0.0]]
[[np.float64(0.0), 0.0, 1030.4235197238181, 864.6420780245836, 0.0, 114.35403505483481, 0.0]]
[[np.float64(0.0), 0.0, 1020.569229675158, 876.0480146545003, 0.0, 115.90367788916389, 0.0]]
[[np.float64(0.0), 0.0, 1010.5868925410825, 887.3691824576199, 0.0, 117.24051661223477, 0.0]]
[[np.float64(0.0), 0.0, 1000.4795030830747, 898.6021862451412, 0.0, 118.36415078169604, 0.0]]
[[np.float64(0.0), 0.0, 990.2500935604774, 909.7436572840684, 0.0, 119.27424390742443, 0.0]]
[[np.float64(0.0), 0.0, 979.9017328208009, 920.7902543076059, 0.0, 119.97052355223052, 0.0]]
[[np.float64(0.0), 0.0, 969.4375253790608, 931.7386645173093, 0.0, 120.452781413348, 0.0]]
[[np.float64(0.0), 0.0, 958.8606104864119, 942.585604576694, 0.0, 120.72087338468423, 0.0]]
[[np.float64(0.0), 0.0, 948.1741611883773, 953.3278215960032, 0.0, 120.77471959981168, 0.0]]
[[np.float64(0.0), 0.0, 937.3813833729317, 963.9620941078357, 0.0, 120.61430445568983, 0.0]]
[[np.float64(0.0), 0.0, 926.4855148087427, 974.4852330333466, 0.0, 120.23967661710559, 0.0]]
[[np.float64(0.0), 0.0, 915.489824173854, 984.8940826387278, 0.0, 119.65094900183752, 0.0]]
[[np.float64(0.0), 0.0, 904.3976100750907, 995.1855214816804, 0.0, 118.84829874654372, 0.0]]
[[np.float64(0.0), 0.0, 893.2122000585009, 1005.3564633475992, 0.0, 117.83196715338664, 0.0]]
[[np.float64(0.0), 0.0, 881.9369496111133, 1015.4038581751804, 0.0, 116.60225961740433, 0.0]]
[[np.float64(0.0), 0.0, 870.5752411543207, 1025.324692971192, 0.0, 115.15954553466297, 0.0]]
[[np.float64(0.0), 0.0, 859.1304830291836, 1035.1159927141036, 0.0, 113.50425819120306, 0.0]]
[[np.float64(0.0), 0.0, 847.6061084739683, 1044.7748212463405, 0.0, 111.63689463282472, 0.0]]
[[np.float64(0.0), 0.0, 836.0055745942141, 1054.2982821548574, 0.0, 109.55801551574474, 0.0]]
[[np.float64(0.0), 0.0, 824.33236132565, 1063.683519639803, 0.0, 107.26824493817169, 0.0]]
[[np.float64(0.0), 0.0, 812.5899703902636, 1072.92771937098, 0.0, 104.76827025284962, 0.0]]
[[np.float64(0.0), 0.0, 800.7819242458446, 1082.0281093318847, 0.0, 102.05884186063147, 0.0]]
[[np.float64(0.0), 0.0, 788.9117650293018, 1090.981960651021, 0.0, 99.14077298513298, 0.0]]
[[np.float64(0.0), 0.0, 776.9830534940932, 1099.7865884202902, 0.0, 96.01493942854665, 0.0]]
[[np.float64(0.0), 0.0, 764.9993679420693, 1108.4393525001865, 0.0, 92.68227930868369, 0.0]]
[[np.float64(0.0), 0.0, 752.9643031500588, 1116.9376583115456, 0.0, 89.14379277732094, 0.0]]
[[np.float64(0.0), 0.0, 740.8814692915149, 1125.2789576136388, 0.0, 85.40054171994274, 0.0]]
[[np.float64(0.0), 0.0, 728.7544908535507, 1133.460749268348, 0.0, 81.45364943696184, 0.0]]
[[np.float64(0.0), 0.0, 716.5870055496838, 1141.4805799902272, 0.0, 77.30430030652239, 0.0]]
[[np.float64(0.0), 0.0, 704.3826632286198, 1149.3360450821808, 0.0, 72.95373942897766, 0.0]]
[[np.float64(0.0), 0.0, 692.145124779397, 1157.0247891565848, 0.0, 68.4032722531577, 0.0]]
[[np.float64(0.0), 0.0, 679.8780610332294, 1164.5445068416022, 0.0, 63.65426418453126, 0.0]]
[[np.float64(0.0), 0.0, 667.585151662369, 1171.8929434724907, 0.0, 58.70814017538711, 0.0]]
[[np.float64(0.0), 0.0, 655.2700840763196, 1179.0678957677023, 0.0, 53.56638429715411, 0.0]]
[[np.float64(0.0), 0.0, 642.9365523157392, 1186.0672124895584, 0.0, 48.230539294982705, 0.0]]
[[np.float64(0.0), 0.0, 630.5882559443567, 1192.8887950893168, 0.0, 42.702206124737245, 0.0]]
[[np.float64(0.0), 0.0, 618.2288989392353, 1199.5305983364244, 0.0, 36.983043472518936, 0.0]]
[[np.float64(0.0), 0.0, 605.8621885797194, 1205.9906309317762, 0.0, 31.07476725688003, 0.0]]
[[np.float64(0.0), 0.0, 593.4918343353964, 1212.2669561047899, 0.0, 24.979150113867764, 0.0]]
[[np.float64(0.0), 0.0, 581.1215467534053, 1218.357692194124, 0.0, 18.698020865057696, 0.0]]
[[np.float64(0.0), 0.0, 568.7550363454302, 1224.261013211858, 0.0, 12.23326396873484, 0.0]]
[[np.float64(0.0), 0.0, 556.3960124747074, 1229.9751493909716, 0.0, 5.5868189543888604, 0.0]]
[[np.float64(0.0), 0.0, 544.0481822433836, 1235.498387715954, 0.0, 0.0, 1.2393201593098473]]
[[np.float64(0.0), 0.0, 531.7152493805581, 1240.8290724363853, 0.0, 0.0, 8.243105462875786]]
[[np.float64(0.0), 0.0, 519.4009131313446, 1245.9656055633461, 0.0, 0.0, 15.422435770537305]]
[[np.float64(0.0), 0.0, 507.1088671472793, 1250.9064473484787, 0.0, 0.0, 22.775157250746513]]
[[np.float64(0.0), 0.0, 494.842798378416, 1255.6501167455992, 0.0, 0.0, 30.299064072472053]]
[[np.float64(0.0), 0.0, 482.6063859674374, 1260.1951918546772, 0.0, 0.0, 37.991899067096746]]
[[np.float64(0.0), 0.0, 470.4033001461141, 1264.5403103480837, 0.0, 0.0, 45.85135440570355]]
[[np.float64(0.0), 0.0, 458.23720113443915, 1268.6841698789572, 0.0, 0.0, 53.87507229155963]]
[[np.float64(0.0), 0.0, 446.1117380427762, 1272.625528471584, 0.0, 0.0, 62.06064566758437]]
[[np.float64(0.0), 0.0, 434.0305477773448, 1276.363204893659, 0.0, 0.0, 70.40561893859221]]
[[np.float64(0.0), 0.0, 421.99725394937184, 1279.8960790103274, 0.0, 0.0, 78.90748870808889]]
[[np.float64(0.0), 0.0, 410.01546578823667, 1283.2230921198968, 0.0, 0.0, 87.56370452940605]]
[[np.float64(0.0), 0.0, 398.0887770589383, 1286.343247271116, 0.0, 0.0, 96.3716696709448]]
[[np.float64(0.0), 0.0, 386.22076498420574, 1289.2556095619295, 0.0, 0.0, 105.32874189529866]]
[[np.float64(0.0), 0.0, 374.41498917157645, 1291.9593064196204, 0.0, 0.0, 114.43223425202393]]
[[np.float64(0.0), 0.0, 362.67499054576797, 1294.453527862252, 0.0, 0.0, 123.67941588381794]]
[[np.float64(0.0), 0.0, 351.0042902866542, 1296.7375267413308, 0.0, 0.0, 133.06751284586423]]
[[np.float64(0.0), 0.0, 339.40638877317775, 1298.8106189656276, 0.0, 0.0, 142.59370893809833]]
[[np.float64(0.0), 0.0, 327.8847645334989, 1300.6721837060652, 0.0, 0.0, 152.25514655014229]]
[[np.float64(0.0), 0.0, 316.4428732017177, 1302.3216635816527, 0.0, 0.0, 162.04892751866151]]
[[np.float64(0.0), 0.0, 305.0841464814543, 1303.758564826362, 0.0, 0.0, 171.97211399687478]]
[[np.float64(0.0), 0.0, 293.81199111662806, 1304.982457436936, 0.0, 0.0, 182.02172933596987]]
[[np.float64(0.0), 0.0, 282.62978786972, 1305.9929753015635, 0.0, 0.0, 192.1947589781487]]
[[np.float64(0.0), 0.0, 271.5408905078396, 1306.7898163093869, 0.0, 0.0, 202.4881513610418]]
[[np.float64(0.0), 0.0, 260.5486247968954, 1307.3727424408187, 0.0, 0.0, 212.8988188332169]]
[[np.float64(0.0), 0.0, 249.6562875041663, 1307.7415798386176, 0.0, 0.0, 223.42363858050723]]
[[np.float64(0.0), 0.0, 238.86714540958434, 1307.8962188597322, 0.0, 0.0, 234.05945356288427]]
[[np.float64(0.0), 0.0, 228.18443432601362, 1307.8366141078716, 0.0, 0.0, 244.80307346158966]]
[[np.float64(0.0), 0.0, 217.61135812882665, 1307.5627844468117, 0.0, 0.0, 255.6512756362444]]
[[np.float64(0.0), 0.0, 207.15108779506525, 1307.0748129944207, 0.0, 0.0, 266.6008060916493]]
[[np.float64(0.0), 0.0, 196.80676045247654, 1306.3728470974117, 0.0, 0.0, 277.64838045398363]]
[[np.float64(0.0), 0.0, 186.58147843870884, 1305.4570982868283, 0.0, 0.0, 288.7906849561118]]
[[np.float64(0.0), 0.0, 176.4783083709479, 1304.3278422142816, 0.0, 0.0, 300.0243774316999]]
[[np.float64(0.0), 0.0, 166.50028022627356, 1302.9854185689444, 0.0, 0.0, 311.346088317845]]
[[np.float64(0.0), 0.0, 156.65038643301634, 1301.4302309753482, 0.0, 0.0, 322.75242166591937]]
[[np.float64(0.0), 0.0, 146.93158097337755, 1299.6627468719917, 0.0, 0.0, 334.2399561603179]]
[[np.float64(0.0), 0.0, 137.34677849759186, 1297.6834973708203, 0.0, 0.0, 345.80524614481527]]
[[np.float64(0.0), 0.0, 127.89885344989025, 1295.4930770975918, 0.0, 0.0, 357.44482265621116]]
[[np.float64(0.0), 0.0, 118.59063920653404, 1293.092144013207, 0.0, 0.0, 369.15519446496626]]
[[np.float64(0.0), 0.0, 109.42492722616404, 1290.4814192160306, 0.0, 0.0, 380.9328491225074]]
[[np.float64(0.0), 0.0, 100.40446621273914, 1287.6616867252812, 0.0, 0.0, 392.77425401489285]]
[[np.float64(0.0), 0.0, 91.53196129129843, 1284.633793245547, 0.0, 0.0, 404.67585742251816]]
[[np.float64(0.0), 0.0, 82.8100731968016, 1281.3986479125, 0.0, 0.0, 416.63408958554777]]
[[np.float64(0.0), 0.0, 74.24141747629209, 1277.9572220198854, 0.0, 0.0, 428.64536377475116]]
[[np.float64(0.0), 0.0, 65.8285637046174, 1274.310548727867, 0.0, 0.0, 440.70607736742295]]
[[np.float64(0.0), 0.0, 57.57403471394451, 1270.4597227528157, 0.0, 0.0, 452.81261292806016]]
[[np.float64(0.0), 0.0, 49.48030583730413, 1266.4059000386426, 0.0, 0.0, 464.96133929348184]]
[[np.float64(0.0), 0.0, 41.54980416638339, 1262.1502974097587, 0.0, 0.0, 477.1486126620546]]
[[np.float64(0.0), 0.0, 33.784907823796715, 1257.6941922057779, 0.0, 0.0, 489.37077768670156]]
[[np.float64(0.0), 0.0, 26.187945250048337, 1253.0389218980783, 0.0, 0.0, 501.6241685713732]]
[[np.float64(0.0), 0.0, 18.761194505404724, 1248.1858836883214, 0.0, 0.0, 513.9051101706407]]
[[np.float64(0.0), 0.0, 11.506882586878904, 1243.1365340890547, 0.0, 0.0, 526.2099190920849]]
[[np.float64(0.0), 0.0, 4.427184760540922, 1237.8923884865371, 0.0, 0.0, 538.5349048011583]]
[[np.float64(0.0018037918395179624), 2.4757760906536164, 0.0, 1232.4550206858987, 0.0, 0.0, 550.8763707281768]]
[[np.float64(0.006702851242140143), 9.199930103316785, 0.0, 1226.826062438781, 0.0, 0.0, 563.2306153771151]]
[[np.float64(0.011470167243364757), 15.743261054174415, 0.0, 1221.0072029536077, 0.0, 0.0, 575.5939334358748]]
[[np.float64(0.01610431039195953), 22.103806964518053, 0.0, 1215.0001883886116, 0.0, 0.0, 587.9626168876886]]
[[np.float64(0.020603891186530235), 28.27966068838197, 0.0, 1208.806821327793, 0.0, 0.0, 600.3329561233268]]
[[np.float64(0.0249675604920667), 34.268970484269126, 0.0, 1202.4289602399529, 0.0, 0.0, 612.7012410537784]]
[[np.float64(0.029194009944378936), 40.06994057025588, 0.0, 1195.868518920962, 0.0, 0.0, 625.0637622230606]]
[[np.float64(0.03328197234229919), 45.68083166230486, 0.0, 1189.127465919452, 0.0, 0.0, 637.4168119208448]]
[[np.float64(0.03723022202753717), 51.09996149563146, 0.0, 1182.2078239460695, 0.0, 0.0, 649.7566852945346]]
[[np.float64(0.041037575252069164), 56.32570532895996, 0.0, 1175.111669266501, 0.0, 0.0, 662.0796814604918]]
[[np.float64(0.044702890532955196), 61.35649643152422, 0.0, 1167.8411310784359, 0.0, 0.0, 674.3821046140605]]
[[np.float64(0.04822506899447783), 66.19082655266679, 0.0, 1160.3983908726534, 0.0, 0.0, 686.6602651380596]]
[[np.float64(0.05160305469749427), 70.82724637388785, 0.0, 1152.7856817784289, 0.0, 0.0, 698.9104807094101]]
[[np.float64(0.05483583495591342), 75.2643659432224, 0.0, 1145.005287893463, 0.0, 0.0, 711.1290774035739]]
[[np.float64(0.05792244064019147), 79.50085509180028, 0.0, 1137.0595435985147, 0.0, 0.0, 723.3123907964562]]
[[np.float64(0.060861946467763745), 83.53544383247515, 0.0, 1128.9508328569696, 0.0, 0.0, 735.45676706346]]
[[np.float64(0.06365347128032367), 87.3669227404012, 0.0, 1120.6815884995347, 0.0, 0.0, 747.5585640753478]]
[[np.float64(0.06629617830786308), 90.99414331543872, 0.0, 1112.2542914942796, 0.0, 0.0, 759.6141524905906]]
[[np.float64(0.06878927541939595), 94.41601832628263, 0.0, 1103.671470202247, 0.0, 0.0, 771.6199168438727]]
[[np.float64(0.07113201536029497), 97.63152213621618, 0.0, 1094.9356996188526, 0.0, 0.0, 783.572256630427]]
[[np.float64(0.0733236959761615), 100.6396910103815, 0.0, 1086.0496006013013, 0.0, 0.0, 795.4675873858756]]
[[np.float64(0.0753636604231698), 103.4396234044854, 0.0, 1077.0158390822548, 0.0, 0.0, 807.3023417612542]]
[[np.float64(0.07725129736481791), 106.0304802348477, 0.0, 1067.8371252699826, 0.0, 0.0, 819.0729705928891]]
[[np.float64(0.07898604115502766), 108.41148512971345, 0.0, 1058.5162128352413, 0.0, 0.0, 830.7759439668206]]
[[np.float64(0.08056737200753918), 110.58192466175342, 0.0, 1049.055898085117, 0.0, 0.0, 842.4077522774372]]
[[np.float64(0.08199481615154972), 112.5411485616848, 0.0, 1039.4590191240973, 0.0, 0.0, 853.9649072800185]]
[[np.float64(0.08326794597354732), 114.28856991294346, 0.0, 1029.7284550025977, 0.0, 0.0, 865.443943136857]]
[[np.float64(0.08438638014530278), 115.82366532735784, 0.0, 1019.8671248532241, 0.0, 0.0, 876.841417456659]]
[[np.float64(0.08534978373797389), 117.14597510176193, 0.0, 1009.8779870150132, 0.0, 0.0, 888.1539123268963]]
[[np.float64(0.08615786832229545), 118.25510335550973, 0.0, 999.7640381459239, 0.0, 0.0, 899.3780353388208]]
[[np.float64(0.08681039205481922), 119.15071814884317, 0.0, 989.5283123238369, 0.0, 0.0, 910.5104206048109]]
[[np.float64(0.08730715975018179), 119.83255158208256, 0.0, 979.1738801363385, 0.0, 0.0, 921.5477297677625]]
[[np.float64(0.08764802293937783), 120.30039987560906, 0.0, 968.7038477595659, 0.0, 0.0, 932.4866530022148]]
[[np.float64(0.08783287991401946), 120.55412343061231, 0.0, 958.1213560263737, 0.0, 0.0, 943.3239100069085]]
[[np.float64(0.08786167575657135), 120.5936468705893, 0.0, 947.4295794841236, 0.0, 0.0, 954.0562509884874]]
[[np.float64(0.08773440235655236), 120.41895906358191, 0.0, 936.6317254423633, 0.0, 0.0, 964.6804576360373]]
[[np.float64(0.0874510984126964), 120.03011312514263, 0.0, 925.731033010683, 0.0, 0.0, 975.1933440861761]]
[[np.float64(0.08701184942107407), 119.42722640203111, 0.0, 914.7307721270447, 0.0, 0.0, 985.5917578784075]]
[[np.float64(0.08641678764917889), 118.61048043664645, 0.0, 903.6342425768752, 0.0, 0.0, 995.8725809004494]]
[[np.float64(0.08566609209598688), 117.58012091220742, 0.0, 892.444773003205, 0.0, 0.0, 1006.0327303232503]]
[[np.float64(0.08475998843799637), 116.33645757868986, 0.0, 881.1657199081667, 0.0, 0.0, 1016.069159525419]]
[[np.float64(0.08369874896127263), 114.87986415955535, 0.0, 869.8004666461418, 0.0, 0.0, 1025.9788590067892]]
[[np.float64(0.08248269247951001), 113.21077823928817, 0.0, 858.3524224088593, 0.0, 0.0, 1035.7588572908396]]
[[np.float64(0.08111218423814268), 111.3297011317835, 0.0, 846.8250212027552, 0.0, 0.0, 1045.4062218157076]]
[[np.float64(0.07958763580452777), 109.23719772961937, 0.0, 835.2217208188976, 0.0, 0.0, 1054.918059813524]]
[[np.float64(0.0779095049442364), 106.93389633426123, 0.0, 823.5460017957785, 0.0, 0.0, 1064.2915191778059]]
[[np.float64(0.07607829548349082), 104.42048846725139, 0.0, 811.8013663752982, 0.0, 0.0, 1073.523789318642]]
[[np.float64(0.07409455715778661), 101.69772866243702, 0.0, 799.9913374522449, 0.0, 0.0, 1082.6121020054363]]
[[np.float64(0.07195888544674743), 98.76643423930163, 0.0, 788.1194575175869, 0.0, 0.0, 1091.5537321969211]]
[[np.float64(0.06967192139525992), 95.62748505746578, 0.0, 776.1892875958957, 0.0, 0.0, 1100.3459988582263]]
[[np.float64(0.0672343514209463), 92.28182325243537, 0.0, 764.2044061772168, 0.0, 0.0, 1108.9862657647345]]
[[np.float64(0.06464690710802583), 88.73045295266836, 0.0, 752.1684081437089, 0.0, 0.0, 1117.4719422924927]]
[[np.float64(0.06191036498763797), 84.9744399780596, 0.0, 740.0849036913839, 0.0, 0.0, 1125.8004841949532]]
[[np.float64(0.059025546304678767), 81.01491151991453, 0.0, 727.9575172472447, 0.0, 0.0, 1133.9693943657792]]
[[np.float64(0.0559933167712342), 76.85305580252644, 0.0, 715.7898863821753, 0.0, 0.0, 1141.9762235875196]]
[[np.float64(0.05281458630667605), 72.49012172644788, 0.0, 703.5856607198953, 0.0, 0.0, 1149.8185712659176]]
[[np.float64(0.04949030876450276), 67.92741849356888, 0.0, 691.3485008423031, 0.0, 0.0, 1157.494086149624]]
[[np.float64(0.04602148164600375), 63.166315214109666, 0.0, 679.0820771915414, 0.0, 0.0, 1165.0004670351068]]
[[np.float64(0.04240914580083474), 58.20824049564855, 0.0, 666.790068969114, 0.0, 0.0, 1172.3354634565528]]
[[np.float64(0.038654385114597914), 53.054682014313194, 0.0, 654.4761630323858, 0.0, 0.0, 1179.4968763605377]]
[[np.float64(0.03475832618351288), 47.707186068253534, 0.0, 642.1440527887904, 0.0, 0.0, 1186.4825587652829]]
[[np.float64(0.03072213797628328), 42.167357113540255, 0.0, 629.797437088081, 0.0, 0.0, 1193.290416404276]]
[[np.float64(0.026547031483255358), 36.43685728262101, 0.0, 617.4400191129617, 0.0, 0.0, 1199.918408354091]]
[[np.float64(0.02223425935297898), 30.5174058854859, 0.0, 605.0755052684244, 0.0, 0.0, 1206.364547646201]]
[[np.float64(0.01778511551627424), 24.41077889368394, 0.0, 592.7076040701221, 0.0, 0.0, 1212.6269018625967]]
[[np.float64(0.013200934797922854), 18.118808407354074, 0.0, 580.3400250321281, 0.0, 0.0, 1218.7035937150533]]
[[np.float64(0.00848309251609514), 11.64338210542272, 0.0, 567.9764775543914, 0.0, 0.0, 1224.5928016078497]]
[[np.float64(0.0036330040696362317), 4.9864426791377, 0.0, 555.6206698102452, 0.0, 0.0, 1230.2927601837857]]
[[np.float64(0.0), 0.0, 1.850012750890636, 543.2763076342823, 0.0, 0.0, 1235.8017608533248]]
[[np.float64(0.0), 0.0, 8.863933233971538, 530.9470934109454, 0.0, 0.0, 1241.1181523067148]]
[[np.float64(0.0), 0.0, 16.053214604753276, 518.6367249641571, 0.0, 0.0, 1246.2403410089187]]
[[np.float64(0.0), 0.0, 23.415700114597684, 506.3488944483249, 0.0, 0.0, 1251.1667916772158]]
[[np.float64(0.0), 0.0, 30.94918107872345, 494.0872872410603, 0.0, 0.0, 1255.896027741337]]
[[np.float64(0.0), 0.0, 38.65139753891516, 481.8555808379266, 0.0, 0.0, 1260.4266317859774]]
[[np.float64(0.0), 0.0, 46.52003894161175, 469.6574437495719, 0.0, 0.0, 1264.7572459755766]]
[[np.float64(0.0), 0.0, 54.55274483115858, 457.4965344015529, 0.0, 0.0, 1268.8865724612112]]
[[np.float64(0.0), 0.0, 62.74710555802287, 445.37650003719693, 0.0, 0.0, 1272.8133737695148]]
[[np.float64(0.0), 0.0, 71.10066300175774, 433.3009756238256, 0.0, 0.0, 1276.5364731734735]]
[[np.float64(0.0), 0.0, 79.61091130849687, 421.27358276266375, 0.0, 0.0, 1280.0547550450037]]
[[np.float64(0.0), 0.0, 88.27529764276034, 409.29792860276837, 0.0, 0.0, 1283.367165189207]]
[[np.float64(0.0), 0.0, 97.09122295334365, 397.37760475929605, 0.0, 0.0, 1286.4727111601949]]
[[np.float64(0.0), 0.0, 106.05604275306383, 385.5161862364397, 0.0, 0.0, 1289.3704625583969]]
[[np.float64(0.0), 0.0, 115.16706791212376, 373.7172303553515, 0.0, 0.0, 1292.0595513092544]]
[[np.float64(0.0), 0.0, 124.42156546486274, 361.98427568737895, 0.0, 0.0, 1294.5391719232252]]
[[np.float64(0.0), 0.0, 133.81675942964276, 350.32084099292905, 0.0, 0.0, 1296.8085817370134]]
[[np.float64(0.0), 0.0, 143.34983164163583, 338.73042416628186, 0.0, 0.0, 1298.867101135957]]
[[np.float64(0.0), 0.0, 153.01792259825032, 327.2165011866689, 0.0, 0.0, 1300.7141137575084]]
[[np.float64(0.0), 0.0, 162.81813231695344, 315.7825250759327, 0.0, 0.0, 1302.3490666757414]]
[[np.float64(0.0), 0.0, 172.74752120522274, 304.4319248630748, 0.0, 0.0, 1303.7714705668332]]
[[np.float64(0.0), 0.0, 182.80311094237652, 293.16810455600984, 0.0, 0.0, 1304.9808998554709]]
[[np.float64(0.0), 0.0, 192.98188537300646, 281.994442120827, 0.0, 0.0, 1305.976992842141]]
[[np.float64(0.0), 0.0, 203.28079141175562, 270.9142884688711, 0.0, 0.0, 1306.7594518112599]]
[[np.float64(0.0), 0.0, 213.6967399591615, 259.9309664519418, 0.0, 0.0, 1307.3280431201122]]
[[np.float64(0.0), 0.0, 224.2266068282962, 249.04776986591543, 0.0, 0.0, 1307.682597268581]]
[[np.float64(0.0), 0.0, 234.86723368192025, 238.26796246308783, 0.0, 0.0, 1307.8230089496353]]
[[np.float64(0.0), 0.0, 245.6154289798752, 227.59477697353245, 0.0, 0.0, 1307.7492370805694]]
[[np.float64(0.0), 0.0, 256.4679689364228, 217.03141413576887, 0.0, 0.0, 1307.4613048149808]]
[[np.float64(0.0), 0.0, 267.42159848725015, 206.58104173703086, 0.0, 0.0, 1306.9592995354792]]
[[np.float64(0.0), 0.0, 278.4730322658496, 196.2467936634253, 0.0, 0.0, 1306.2433728271424]]
[[np.float64(0.0), 0.0, 289.61895558897646, 186.03176896025974, 0.0, 0.0, 1305.3137404317133]]
[[np.float64(0.0), 0.0, 300.85602545089534, 175.93903090282797, 0.0, 0.0, 1304.170682182559]]
[[np.float64(0.0), 0.0, 312.18087152611054, 165.971606077928, 0.0, 0.0, 1302.814541920406]]
[[np.float64(0.0), 0.0, 323.5900971802846, 156.13248347638836, 0.0, 0.0, 1301.2457273898883]]
[[np.float64(0.0), 0.0, 335.0802804890373, 146.42461359687277, 0.0, 0.0, 1299.4647101169242]]
[[np.float64(0.0), 0.0, 346.64797526432795, 136.850907561237, 0.0, 0.0, 1297.4720252669713]]
[[np.float64(0.0), 0.0, 358.2897120880999, 127.41423624170035, 0.0, 0.0, 1295.2682714841965]]
[[np.float64(0.0), 0.0, 370.00199935288936, 118.11742940008841, 0.0, 0.0, 1292.8541107116143]]
[[np.float64(0.0), 0.0, 381.78132430908073, 108.96327483941572, 0.0, 0.0, 1290.2302679922295]]
[[np.float64(0.0), 0.0, 393.6241541184941, 99.95451756805251, 0.0, 0.0, 1287.3975312512828]]
[[np.float64(0.0), 0.0, 405.52693691399224, 91.09385897673259, 0.0, 0.0, 1284.3567510596163]]
[[np.float64(0.0), 0.0, 417.48610286478475, 82.38395602864382, 0.0, 0.0, 1281.1088403782671]]
[[np.float64(0.0), 0.0, 429.4980652471167, 73.82742046285121, 0.0, 0.0, 1277.6547742843532]]
[[np.float64(0.0), 0.0, 441.5592215200088, 65.42681801128242, 0.0, 0.0, 1273.9955896783247]]
[[np.float64(0.0), 0.0, 453.66595440574275, 57.18466762951847, 0.0, 0.0, 1270.132384972682]]
[[np.float64(0.0), 0.0, 465.8146329747534, 49.10344074161343, 0.0, 0.0, 1266.066319762258]]
[[np.float64(0.0), 0.0, 478.0016137346077, 41.1855604991763, 0.0, 0.0, 1261.798614476136]]
[[np.float64(0.0), 0.0, 490.2232417227504, 33.43340105493026, 0.0, 0.0, 1257.3305500113488]]
[[np.float64(0.0), 0.0, 502.47585160267107, 25.84928685097158, 0.0, 0.0, 1252.6634673484211]]
[[np.float64(0.0), 0.0, 514.7557687631892, 18.43549192193956, 0.0, 0.0, 1247.798767148927]]
[[np.float64(0.0), 0.0, 527.0593104205028, 11.194239213308368, 0.0, 0.0, 1242.7379093351242]]
[[np.float64(0.0), 0.0, 539.3827867226834, 4.1276999150019025, 0.0, 0.0, 1237.4824126518347]]
[[np.float64(0.0), 0.0, 551.7225018562899, 0.0, 2.7620071894666562, 0.0, 1232.0338542106927]]
[[np.float64(0.0), 0.0, 564.0747551547558, 0.0, 9.472816358135232, 0.0, 1226.393869016877]]
[[np.float64(0.0), 0.0, 576.4358422082255, 0.0, 16.002715509823865, 0.0, 1220.5641494784936]]
[[np.float64(0.0), 0.0, 588.8020559745149, 0.0, 22.349746827270753, 0.0, 1214.546444898758]]
[[np.float64(0.0), 0.0, 601.1696878908419, 0.0, 28.512007343990152, 0.0, 1208.342560951093]]
[[np.float64(0.0), 0.0, 613.5350289860179, 0.0, 34.48764951468164, 0.0, 1201.9543591373545]]
[[np.float64(0.0), 0.0, 625.8943709927445, 0.0, 40.27488176901586, 0.0, 1195.3837562292942]]
[[np.float64(0.0), 0.0, 638.244007459703, 0.0, 45.87196904862826, 0.0, 1188.632723693473]]
[[np.float64(0.0), 0.0, 650.5802348630842, 0.0, 51.27723332716757, 0.0, 1181.703287099754]]
[[np.float64(0.0), 0.0, 662.8993537172385, 0.0, 56.48905411323478, 0.0, 1174.5975255135959]]
[[np.float64(0.0), 0.0, 675.1976696841072, 0.0, 61.50586893607104, 0.0, 1167.3175708722947]]
[[np.float64(0.0), 0.0, 687.4714946811013, 0.0, 66.32617381383977, 0.0, 1159.8656073453767]]
[[np.float64(0.0), 0.0, 699.7171479871045, 0.0, 70.94852370436578, 0.0, 1152.243870679334]]
[[np.float64(0.0), 0.0, 711.9309573462518, 0.0, 75.37153293820478, 0.0, 1144.4546475268962]]
[[np.float64(0.0), 0.0, 724.1092600691753, 0.0, 79.59387563389626, 0.0, 1136.500274761041]]
[[np.float64(0.0), 0.0, 736.2484041313654, 0.0, 83.61428609529413, 0.0, 1128.3831387739456]]
[[np.float64(0.0), 0.0, 748.3447492683329, 0.0, 87.43155919084248, 0.0, 1120.1056747611021]]
[[np.float64(0.0), 0.0, 760.3946680672357, 0.0, 91.04455071468715, 0.0, 1111.670365990789]]
[[np.float64(0.0), 0.0, 772.394547054647, 0.0, 94.45217772951969, 0.0, 1103.0797430591365]]
[[np.float64(0.0), 0.0, 784.3407877801371, 0.0, 97.65341889104323, 0.0, 1094.336383131013]]
[[np.float64(0.0), 0.0, 796.2298078953444, 0.0, 100.64731475396793, 0.0, 1085.4429091669372]]
[[np.float64(0.0), 0.0, 808.0580422282087, 0.0, 103.43296805944365, 0.0, 1076.401989136264]]
[[np.float64(0.0), 0.0, 819.821943852055, 0.0, 106.0095440038414, 0.0, 1067.2163352168905]]
[[np.float64(0.0), 0.0, 831.5179851491921, 0.0, 108.37627048880897, 0.0, 1057.8887029816917]]
[[np.float64(0.0), 0.0, 843.1426588687208, 0.0, 110.53243835251645, 0.0, 1048.4218905719588]]
[[np.float64(0.0), 0.0, 854.6924791782278, 0.0, 112.47740158203406, 0.0, 1038.8187378580776]]
[[np.float64(0.0), 0.0, 866.1639827090477, 0.0, 114.21057750676671, 0.0, 1029.08212558769]]
[[np.float64(0.0), 0.0, 877.5537295947904, 0.0, 115.731446972898, 0.0, 1019.2149745216096]]
[[np.float64(0.0), 0.0, 888.8583045028065, 0.0, 117.03955449878413, 0.0, 1009.220244557739]]
[[np.float64(0.0), 0.0, 900.0743176582998, 0.0, 118.1345084112535, 0.0, 999.10093384326]]
[[np.float64(0.0), 0.0, 911.1984058607633, 0.0, 119.01598096277516, 0.0, 988.8600778753519]]
[[np.float64(0.0), 0.0, 922.2272334924405, 0.0, 119.68370842945411, 0.0, 978.5007485907214]]
[[np.float64(0.0), 0.0, 933.1574935185196, 0.0, 120.13749118982707, 0.0, 968.0260534442044]]
[[np.float64(0.0), 0.0, 943.9859084787412, 0.0, 120.37719378444051, 0.0, 957.4391344767278]]
[[np.float64(0.0), 0.0, 954.7092314701376, 0.0, 120.4027449561826, 0.0, 946.7431673728952]]
[[np.float64(0.0), 0.0, 965.3242471206022, 0.0, 120.21413767136877, 0.0, 935.9413605085023]]
[[np.float64(0.0), 0.0, 975.8277725530021, 0.0, 119.81142912156432, 0.0, 925.0369539882405]]
[[np.float64(0.0), 0.0, 986.2166583395358, 0.0, 119.19474070614872, 0.0, 914.0332186738972]]
[[np.float64(0.0), 0.0, 996.4877894460649, 0.0, 118.36425799563068, 0.0, 902.9334552033423]]
[[np.float64(0.0), 0.0, 1006.638086166117, 0.0, 117.32023067571548, 0.0, 891.7409930005812]]
[[np.float64(0.0), 0.0, 1016.6645050442992, 0.0, 116.06297247215025, 0.0, 880.4591892771832]]
[[np.float64(0.0), 0.0, 1026.5640397888328, 0.0, 114.59286105636335, 0.0, 869.0914280253883]]
[[np.float64(0.0), 0.0, 1036.3337221729373, 0.0, 112.91033793193601, 0.0, 857.641119003183]]
[[np.float64(0.0), 0.0, 1045.970622924804, 0.0, 111.01590830192288, 0.0, 846.1116967116533]]
[[np.float64(0.0), 0.0, 1055.4718526058755, 0.0, 108.91014091708315, 0.0, 834.5066193649263]]
[[np.float64(0.0), 0.0, 1064.8345624771785, 0.0, 106.59366790504907, 0.0, 822.8293678530039]]
[[np.float64(0.0), 0.0, 1074.055945353454, 0.0, 104.06718458049498, 0.0, 811.0834446978016]]
[[np.float64(0.0), 0.0, 1083.1332364448144, 0.0, 101.3314492363591, 0.0, 799.2723730027079]]
[[np.float64(0.0), 0.0, 1092.0637141856923, 0.0, 98.38728291617987, 0.0, 787.3996953959738]]
[[np.float64(0.0), 0.0, 1100.844701050816, 0.0, 95.23556916762004, 0.0, 775.4689729682507]]
[[np.float64(0.0), 0.0, 1109.473564357982, 0.0, 91.87725377724641, 0.0, 763.4837842046045]]
[[np.float64(0.0), 0.0, 1117.9477170573755, 0.0, 88.31334448664971, 0.0, 751.4477239113072]]
[[np.float64(0.0), 0.0, 1126.2646185071992, 0.0, 84.54491068998499, 0.0, 739.3644021377478]]
[[np.float64(0.0), 0.0, 1134.421775235391, 0.0, 80.57308311303125, 0.0, 727.2374430937767]]
[[np.float64(0.0), 0.0, 1142.4167416871874, 0.0, 76.39905347385532, 0.0, 715.0704840627997]]
[[np.float64(0.0), 0.0, 1150.2471209583164, 0.0, 72.0240741251952, 0.0, 702.8671743109686]]
[[np.float64(0.0), 0.0, 1157.9105655136011, 0.0, 67.4494576786562, 0.0, 690.6311739927734]]
[[np.float64(0.0), 0.0, 1165.404777890753, 0.0, 62.67657661084188, 0.0, 678.3661530533781]]
[[np.float64(0.0), 0.0, 1172.7275113893527, 0.0, 57.70686285484831, 0.0, 666.0757901273889]]
[[np.float64(0.0), 0.0, 1179.8765707438565, 0.0, 52.541807360679634, 0.0, 653.7637714374902]]
[[np.float64(0.0), 0.0, 1186.8498127822081, 0.0, 47.18295965785695, 0.0, 641.4337896872175]]
[[np.float64(0.0), 0.0, 1193.6451470682043, 0.0, 41.63192738719484, 0.0, 629.0895429541143]]
[[np.float64(0.0), 0.0, 1200.2605365281772, 0.0, 35.89037581847377, 0.0, 616.7347335807141]]
[[np.float64(0.0), 0.0, 1206.6939980616785, 0.0, 29.9600273508346, 0.0, 604.3730670642534]]
[[np.float64(0.0), 0.0, 1212.9436031359783, 0.0, 23.842660996043794, 0.0, 592.0082509454403]]
[[np.float64(0.0), 0.0, 1219.0074783641949, 0.0, 17.54011184478587, 0.0, 579.643993696618]]
[[np.float64(0.0), 0.0, 1224.8838060668893, 0.0, 11.054270516141008, 0.0, 567.2840036096468]]
[[np.float64(0.0), 0.0, 1230.5708248169462, 0.0, 4.387082590413775, 0.0, 554.9319876838493]]
[[np.float64(0.0), 0.0, 1236.0668299675992, 2.4594519745145074, 0.0, 0.0, 542.5916505143482]]
[[np.float64(0.0), 0.0, 1241.370174163411, 9.483279443137752, 0.0, 0.0, 530.2666931811226]]
[[np.float64(0.0), 0.0, 1246.4792678340855, 16.682292918403792, 0.0, 0.0, 517.9608121391318]]
[[np.float64(0.0), 0.0, 1251.3925796709436, 24.054332973726098, 0.0, 0.0, 505.67769810982]]
[[np.float64(0.0), 0.0, 1256.108637085926, 31.5971883007481, 0.0, 0.0, 493.4210349743504]]
[[np.float64(0.0), 0.0, 1260.6260266529946, 39.308596372662485, 0.0, 0.0, 481.1944986688957]]
[[np.float64(0.0), 0.0, 1264.9433945317808, 47.18624412288503, 0.0, 0.0, 469.00175608230694]]
[[np.float64(0.0), 0.0, 1269.0594468733752, 55.22776863888282, 0.0, 0.0, 456.84646395650736]]
[[np.float64(0.0), 0.0, 1272.9729502081161, 63.43075787094304, 0.0, 0.0, 444.73226778992864]]
[[np.float64(0.0), 0.0, 1276.682731815282, 71.79275135567808, 0.0, 0.0, 432.66280074432007]]
[[np.float64(0.0), 0.0, 1280.1876800745622, 80.31124095404391, 0.0, 0.0, 420.64168255526823]]
[[np.float64(0.0), 0.0, 1283.4867447991971, 88.98367160364795, 0.0, 0.0, 408.6725184467372]]
[[np.float64(0.0), 0.0, 1286.5789375507127, 97.80744208513298, 0.0, 0.0, 396.758898049968]]
[[np.float64(0.0), 0.0, 1289.4633319351212, 106.7799058023913, 0.0, 0.0, 384.904394327061]]
[[np.float64(0.0), 0.0, 1292.1390638805237, 115.89837157638655, 0.0, 0.0, 373.11256249955045]]
[[np.float64(0.0), 0.0, 1294.6053318960269, 125.16010445234234, 0.0, 0.0, 361.38693898231054]]
[[np.float64(0.0), 0.0, 1296.8613973118854, 134.56232652005292, 0.0, 0.0, 349.7310403231007]]
[[np.float64(0.0), 0.0, 1298.9065845008133, 144.1022177470721, 0.0, 0.0, 338.1483621480717]]
[[np.float64(0.0), 0.0, 1300.7402810803856, 153.7769168245329, 0.0, 0.0, 326.64237811354917]]
[[np.float64(0.0), 0.0, 1302.361938096475, 163.58352202533774, 0.0, 0.0, 315.2165388644047]]
[[np.float64(0.0), 0.0, 1303.771070187674, 173.51909207446863, 0.0, 0.0, 303.87427099933933]]
[[np.float64(0.0), 0.0, 1304.9672557306405, 183.58064703115332, 0.0, 0.0, 292.61897604336565]]
[[np.float64(0.0), 0.0, 1305.9501369663326, 193.765169182622, 0.0, 0.0, 281.4540294278267]]
[[np.float64(0.0), 0.0, 1306.7194201070931, 204.06960394918966, 0.0, 0.0, 270.38277947823104]]
[[np.float64(0.0), 0.0, 1307.2748754245526, 214.49086080038705, 0.0, 0.0, 259.4085464102264]]
[[np.float64(0.0), 0.0, 1307.6163373183197, 225.02581418187535, 0.0, 0.0, 248.53462133400055]]
[[np.float64(0.0), 0.0, 1307.7437043654427, 235.67130445285312, 0.0, 0.0, 237.76426526741187]]
[[np.float64(0.0), 0.0, 1307.6569393506309, 246.42413883368974, 0.0, 0.0, 227.10070815814905]]
[[np.float64(0.0), 0.0, 1307.3560692772166, 257.2810923634861, 0.0, 0.0, 216.54714791520885]]
[[np.float64(0.0), 0.0, 1306.84118535886, 268.238908867287, 0.0, 0.0, 206.1067494499832]]
[[np.float64(0.0), 0.0, 1306.1124429920078, 279.2943019326504, 0.0, 0.0, 195.78264372724354]]
[[np.float64(0.0), 0.0, 1305.1700617090935, 290.4439558952794, 0.0, 0.0, 185.5779268263071]]
[[np.float64(0.0), 0.0, 1304.0143251125178, 301.68452683342565, 0.0, 0.0, 175.4956590126655]]
[[np.float64(0.0), 0.0, 1302.6455807894106, 313.0126435707602, 0.0, 0.0, 165.5388638203577]]
[[np.float64(0.0), 0.0, 1301.0642402072028, 324.4249086874196, 0.0, 0.0, 155.71052714535355]]
[[np.float64(0.0), 0.0, 1299.2707785900534, 335.91789953891293, 0.0, 0.0, 146.01359635023255]]
[[np.float64(0.0), 0.0, 1297.2657347761517, 347.4881692825962, 0.0, 0.0, 136.45097938041536]]
[[np.float64(0.0), 0.0, 1295.049711055936, 359.1322479113931, 0.0, 0.0, 127.02554389221778]]
[[np.float64(0.0), 0.0, 1292.6233729913108, 370.84664329447065, 0.0, 0.0, 117.74011639298841]]
[[np.float64(0.0), 0.0, 1289.9874492158613, 382.6278422245332, 0.0, 0.0, 108.59748139358729]]
[[np.float64(0.0), 0.0, 1287.1427312161732, 394.4723114714446, 0.0, 0.0, 99.60038057345875]]
[[np.float64(0.0), 0.0, 1284.0900730943047, 406.3764988418471, 0.0, 0.0, 90.7515119585499]]
[[np.float64(0.0), 0.0, 1280.8303913114762, 418.336834244466, 0.0, 0.0, 82.05352911232342]]
[[np.float64(0.0), 0.0, 1277.3646644130674, 430.34973076077847, 0.0, 0.0, 73.50904034010146]]
[[np.float64(0.0), 0.0, 1273.6939327349899, 442.4115857207247, 0.0, 0.0, 65.12060790698114]]
[[np.float64(0.0), 0.0, 1269.8192980915398, 454.51878178314354, 0.0, 0.0, 56.8907472695645]]
[[np.float64(0.0), 0.0, 1265.7419234448153, 466.66768802060176, 0.0, 0.0, 48.821926321719054]]
[[np.float64(0.0), 0.0, 1261.46303255579, 478.8546610082972, 0.0, 0.0, 40.916564654606994]]
[[np.float64(0.0), 0.0, 1256.983909617165, 491.0760459167065, 0.0, 0.0, 33.17703283119297]]
[[np.float64(0.0), 0.0, 1252.3058988680916, 503.3281776076498, 0.0, 0.0, 25.605651675466298]]
[[np.float64(0.0), 0.0, 1247.430404190899, 515.6073817334477, 0.0, 0.0, 18.204691576571754]]
[[np.float64(0.0), 0.0, 1242.3588886899265, 527.9099758388338, 0.0, 0.0, 10.976371808063965]]
[[np.float64(0.0), 0.0, 1237.0928742526062, 540.2322704652993, 0.0, 0.0, 3.9228598624984]]
[[np.float64(0.0), 0.0, 1231.633941092914, 552.5705702575343, 0.0, 2.9537291984572835, 0.0]]
[[np.float64(0.0), 0.0, 1225.983727277332, 564.9211750716341, 0.0, 9.651333378180578, 0.0]]
[[np.float64(0.0), 0.0, 1220.1439282334666, 577.2803810847439, 0.0, 16.167944363346646, 0.0]]
[[np.float64(0.0), 0.0, 1214.1162962414612, 589.6444819057996, 0.0, 22.50160812607259, 0.0]]
[[np.float64(0.0), 0.0, 1207.9026399083664, 602.0097696870414, 0.0, 28.650425509790256, 0.0]]
[[np.float64(0.0), 0.0, 1201.5048236256175, 614.3725362359576, 0.0, 34.61255279865731, 0.0]]
[[np.float64(0.0), 0.0, 1194.9247670097845, 626.7290741273349, 0.0, 40.38620227034809, 0.0]]
[[np.float64(0.0), 0.0, 1188.1644443267621, 639.0756778150736, 0.0, 45.9696427320492, 0.0]]
[[np.float64(0.0), 0.0, 1181.2258838995756, 651.4086447434382, 0.0, 51.361200039503586, 0.0]]
[[np.float64(0.0), 0.0, 1174.1111674999752, 663.7242764574107, 0.0, 56.5592575989469, 0.0]]
[[np.float64(0.0), 0.0, 1166.8224297239988, 676.0188797118101, 0.0, 61.56225685178605, 0.0]]
[[np.float64(0.0), 0.0, 1159.3618573517092, 688.2887675788531, 0.0, 66.36869774187173, 0.0]]
[[np.float64(0.0), 0.0, 1151.731688691267, 700.5302605538122, 0.0, 70.97713916523193, 0.0]]
[[np.float64(0.0), 0.0, 1143.9342129075585, 712.7396876584494, 0.0, 75.38619940211818, 0.0]]
[[np.float64(0.0), 0.0, 1135.97176933558, 724.9133875418954, 0.0, 79.59455653125367, 0.0]]
[[np.float64(0.0), 0.0, 1127.8467467787696, 737.0477095786313, 0.0, 83.60094882614055, 0.0]]
[[np.float64(0.0), 0.0, 1119.561582792508, 749.1390149632606, 0.0, 87.40417513332103, 0.0]]
[[np.float64(0.0), 0.0, 1111.1187629530061, 761.1836778017342, 0.0, 91.00309523247131, 0.0]]
[[np.float64(0.0), 0.0, 1102.5208201117812, 773.1780861986956, 0.0, 94.39663017822164, 0.0]]
[[np.float64(0.0), 0.0, 1093.7703336359716, 785.1186433406386, 0.0, 97.58376262360622, 0.0]]
[[np.float64(0.0), 0.0, 1084.8699286346891, 797.0017685745252, 0.0, 100.56353712503464, 0.0]]
[[np.float64(0.0), 0.0, 1075.8222751716696, 808.8238984815756, 0.0, 103.33506042870269, 0.0]]
[[np.float64(0.0), 0.0, 1066.63008746443, 820.5814879458705, 0.0, 105.89750173835495, 0.0]]
[[np.float64(0.0), 0.0, 1057.2961230701928, 832.2710112174744, 0.0, 108.25009296431418, 0.0]]
[[np.float64(0.0), 0.0, 1047.823182058816, 843.8889629697478, 0.0, 110.39212895370741, 0.0]]
[[np.float64(0.0), 0.0, 1038.2141061729667, 855.4318593505316, 0.0, 112.32296770182143, 0.0]]
[[np.float64(0.0), 0.0, 1028.4717779758103, 866.8962390268949, 0.0, 114.04203054451489, 0.0]]
[[np.float64(0.0), 0.0, 1018.5991199864479, 878.2786642231223, 0.0, 115.54880233164155, 0.0]]
[[np.float64(0.0), 0.0, 1008.599093803384, 889.575721751647, 0.0, 116.84283158142539, 0.0]]
[[np.float64(0.0), 0.0, 998.4746992162609, 900.7840240365938, 0.0, 117.92373061574037, 0.0]]
[[np.float64(0.0), 0.0, 988.2289733061568, 911.9002101296538, 0.0, 118.79117567625744, 0.0]]
[[np.float64(0.0), 0.0, 977.8649895346911, 922.9209467179683, 0.0, 119.44490702142657, 0.0]]
[[np.float64(0.0), 0.0, 967.3858568222232, 933.842929123724, 0.0, 119.88472900425577, 0.0]]
[[np.float64(0.0), 0.0, 956.7947186154189, 944.6628822951589, 0.0, 120.11051013087166, 0.0]]
[[np.float64(0.0), 0.0, 946.0947519444658, 955.3775617886886, 0.0, 120.122183099845, 0.0]]
[[np.float64(0.0), 0.0, 935.2891664702124, 965.983754741845, 0.0, 119.91974482225817, 0.0]]
[[np.float64(0.0), 0.0, 924.3812035215287, 976.4782808367514, 0.0, 119.5032564225239, 0.0]]
[[np.float64(0.0), 0.0, 913.374135123167, 986.8579932538325, 0.0, 118.87284321994329, 0.0]]
[[np.float64(0.0), 0.0, 902.2712630144172, 997.1197796154764, 0.0, 118.02869469101307, 0.0]]
[[np.float64(0.0), 0.0, 891.0759176588552, 1007.2605629193733, 0.0, 116.97106441249359, 0.0]]
[[np.float64(0.0), 0.0, 879.7914572454765, 1017.2773024612419, 0.0, 115.70026998525425, 0.0]]
[[np.float64(0.0), 0.0, 868.4212666815113, 1027.1669947466658, 0.0, 114.21669293892113, 0.0]]
[[np.float64(0.0), 0.0, 856.9687565772375, 1036.926674391779, 0.0, 112.52077861734641, 0.0]]
[[np.float64(0.0), 0.0, 845.4373622230761, 1046.5534150125166, 0.0, 110.6130360449474, 0.0]]
[[np.float64(0.0), 0.0, 833.8305425592893, 1056.0443301021646, 0.0, 108.49403777394771, 0.0]]
[[np.float64(0.0), 0.0, 822.1517791385905, 1065.396573896964, 0.0, 106.16441971256279, 0.0]]
[[np.float64(0.0), 0.0, 810.4045750819688, 1074.6073422294814, 0.0, 103.62488093419039, 0.0]]
[[np.float64(0.0), 0.0, 798.5924540280469, 1083.6738733695163, 0.0, 100.87618346765697, 0.0]]
[[np.float64(0.0), 0.0, 786.7189590762866, 1092.5934488522716, 0.0, 97.91915206858245, 0.0]]
[[np.float64(0.0), 0.0, 774.7876517243619, 1101.363394293558, 0.0, 94.7546739719364, 0.0]]
[[np.float64(0.0), 0.0, 762.8021108000062, 1109.9810801917688, 0.0, 91.38369862585719, 0.0]]
[[np.float64(0.0), 0.0, 750.7659313876746, 1118.4439227164069, 0.0, 87.80723740681155, 0.0]]
[[np.float64(0.0), 0.0, 738.6827237503203, 1126.7493844828996, 0.0, 84.02636331618407, 0.0]]
[[np.float64(0.0), 0.0, 726.5561122466263, 1134.894975313499, 0.0, 80.0422106583859, 0.0]]
[[np.float64(0.0), 0.0, 714.3897342440074, 1142.878252984013, 0.0, 75.85597470057903, 0.0]]
[[np.float64(0.0), 0.0, 702.1872390277135, 1150.696823956166, 0.0, 71.46891131411711, 0.0]]
[[np.float64(0.0), 0.0, 689.9522867063546, 1158.348344095346, 0.0, 66.8823365978114, 0.0]]
[[np.float64(0.0), 0.0, 677.6885471141842, 1165.830519373548, 0.0, 62.09762648313861, 0.0]]
[[np.float64(0.0), 0.0, 665.3996987104681, 1173.141106557281, 0.0, 57.11621632149779, 0.0]]
[[np.float64(0.0), 0.0, 653.0894274762578, 1180.2779138802475, 0.0, 51.939600453655345, 0.0]]
[[np.float64(0.0), 0.0, 640.7614258089209, 1187.2388017005833, 0.0, 46.569331761494425, 0.0]]
[[np.float64(0.0), 0.0, 628.4193914147367, 1194.0216831424698, 0.0, 41.00702120220717, 0.0]]
[[np.float64(0.0), 0.0, 616.0670261999038, 1200.624524721915, 0.0, 35.25433732507561, 0.0]]
[[np.float64(0.0), 0.0, 603.7080351602935, 1207.0453469565307, 0.0, 29.313005770974996, 0.0]]
[[np.float64(0.0), 0.0, 591.3461252702649, 1213.2822249591043, 0.0, 23.184808754758198, 0.0]]
[[np.float64(0.0), 0.0, 578.985004370901, 1219.3332890148117, 0.0, 16.871584530673243, 0.0]]
[[np.float64(0.0), 0.0, 566.6283800579748, 1225.196725141861, 0.0, 10.375226840975493, 0.0]]
[[np.float64(0.0), 0.0, 554.2799585699889, 1230.8707756354463, 0.0, 3.6976843478951067, 0.0]]
[[np.float64(0.0), 0.0, 541.9434436766321, 1236.3537395948113, 0.0, 0.0, 3.159039950861679]]
[[np.float64(0.0), 0.0, 529.6225355679642, 1241.643973433273, 0.0, 0.0, 10.192889322908675]]
[[np.float64(0.0), 0.0, 517.3209297446846, 1246.739891371066, 0.0, 0.0, 17.401753918092407]]
[[np.float64(0.0), 0.0, 505.04231590980015, 1251.6399659108433, 0.0, 0.0, 24.78347140133151]]
[[np.float64(0.0), 0.0, 492.7903768620382, 1256.3427282957043, 0.0, 0.0, 32.33582760120105]]
[[np.float64(0.0), 0.0, 480.5687873913216, 1260.846768949593, 0.0, 0.0, 40.05655717405951]]
[[np.float64(0.0), 0.0, 468.38121317665644, 1265.1507378999693, 0.0, 0.0, 47.94334428352386]]
[[np.float64(0.0), 0.0, 456.2313096867447, 1269.2533451825825, 0.0, 0.0, 55.993823295088454]]
[[np.float64(0.0), 0.0, 444.1227210836605, 1273.1533612282558, 0.0, 0.0, 64.20557948567819]]
[[np.float64(0.0), 0.0, 432.05907912991955, 1276.849617231564, 0.0, 0.0, 72.57614976792381]]
[[np.float64(0.0), 0.0, 420.0440020992662, 1280.3410055012828, 0.0, 0.0, 81.10302342894184]]
[[np.float64(0.0), 0.0, 408.0810936915043, 1283.6264797924978, 0.0, 0.0, 89.78364288339912]]
[[np.float64(0.0), 0.0, 396.17394195170186, 1286.7050556203094, 0.0, 0.0, 98.61540444063323]]
[[np.float64(0.0), 0.0, 384.3261181940896, 1289.5758105549946, 0.0, 0.0, 107.5956590856027]]
[[np.float64(0.0), 0.0, 372.54117593097607, 1292.237884498561, 0.0, 0.0, 116.72171327342825]]
[[np.float64(0.0), 0.0, 360.8226498070037, 1294.6904799426168, 0.0, 0.0, 125.99082973729125]]
[[np.float64(0.0), 0.0, 349.17405453906355, 1296.9328622074572, 0.0, 0.0, 135.40022830944343]]
[[np.float64(0.0), 0.0, 337.5988838621847, 1298.9643596623137, 0.0, 0.0, 144.94708675508468]]
[[np.float64(0.0), 0.0, 326.10060948171787, 1300.7843639266953, 0.0, 0.0, 154.62854161885576]]
[[np.float64(0.0), 0.0, 314.6826800321269, 1302.3923300527529, 0.0, 0.0, 164.44168908369556]]
[[np.float64(0.0), 0.0, 303.34852004269726, 1303.7877766886265, 0.0, 0.0, 174.38358584180293]]
[[np.float64(0.0), 0.0, 292.1015289104776, 1304.9702862227168, 0.0, 0.0, 184.45124997744196]]
[[np.float64(0.0), 0.0, 280.9450798807549, 1305.9395049088341, 0.0, 0.0, 194.64166186132732]]
[[np.float64(0.0), 0.0, 269.8825190353767, 1306.6951429722046, 0.0, 0.0, 204.9517650563203]]
[[np.float64(0.0), 0.0, 258.9171642892175, 1307.2369746962734, 0.0, 0.0, 215.37846723416365]]
[[np.float64(0.0), 0.0, 248.0523043950939, 1307.5648384903143, 0.0, 0.0, 225.9186411029833]]
[[np.float64(0.0), 0.0, 237.29119795742687, 1307.6786369377933, 0.0, 0.0, 236.5691253452735]]
[[np.float64(0.0), 0.0, 226.6370724549457, 1307.578336825488, 0.0, 0.0, 247.3267255660887]]
[[np.float64(0.0), 0.0, 216.09312327272812, 1307.263969153354, 0.0, 0.0, 258.1882152511576]]
[[np.float64(0.0), 0.0, 205.6625127438616, 1306.735629125127, 0.0, 0.0, 269.15033673462506]]
[[np.float64(0.0), 0.0, 195.34836920102495, 1305.993476119676, 0.0, 0.0, 280.209802176146]]
[[np.float64(0.0), 0.0, 185.15378603826244, 1305.0377336431018, 0.0, 0.0, 291.36329454702013]]
[[np.float64(0.0), 0.0, 175.08182078323856, 1303.8686892616004, 0.0, 0.0, 302.60746862508694]]
[[np.float64(0.0), 0.0, 165.13549418024957, 1302.4866945151289, 0.0, 0.0, 313.93895199807775]]
[[np.float64(0.0), 0.0, 155.31778928426849, 1300.8921648118599, 0.0, 0.0, 325.35434607511564]]
[[np.float64(0.0), 0.0, 145.63165056629188, 1299.0855793034968, 0.0, 0.0, 336.8502271060747]]
[[np.float64(0.0), 0.0, 136.07998303026238, 1297.0674807414723, 0.0, 0.0, 348.4231472084823]]
[[np.float64(0.0), 0.0, 126.66565134182537, 1294.8384753140542, 0.0, 0.0, 360.0696354016579]]
[[np.float64(0.0), 0.0, 117.39147896918784, 1292.399232464445, 0.0, 0.0, 371.78619864778284]]
[[np.float64(0.0), 0.0, 108.26024733632867, 1289.750484689897, 0.0, 0.0, 383.5693228995842]]
[[np.float64(0.0), 0.0, 99.27469498882593, 1286.893027321915, 0.0, 0.0, 395.4154741543174]]
[[np.float64(0.0), 0.0, 90.43751677253783, 1283.8277182876236, 0.0, 0.0, 407.32109951374093]]
[[np.float64(0.0), 0.0, 81.75136302539725, 1280.5554778523501, 0.0, 0.0, 419.2826282497511]]
[[np.float64(0.0), 0.0, 73.21883878254955, 1277.0772883435072, 0.0, 0.0, 431.29647287536795]]
[[np.float64(0.0), 0.0, 64.84250299508398, 1273.3941938558787, 0.0, 0.0, 443.3590302207505]]
[[np.float64(0.0), 0.0, 56.62486776258488, 1269.5072999383556, 0.0, 0.0, 455.466682513908]]
[[np.float64(0.0), 0.0, 48.56839757973184, 1265.4177732622622, 0.0, 0.0, 467.6157984658012]]
[[np.float64(0.0), 0.0, 40.675508597186855, 1261.1268412713302, 0.0, 0.0, 479.80273435948715]]
[[np.float64(0.0), 0.0, 32.948567896973344, 1256.6357918134595, 0.0, 0.0, 492.0238351429998]]
[[np.float64(0.0), 0.0, 25.389892782576833, 1251.9459727543513, 0.0, 0.0, 504.2754355256264]]
[[np.float64(0.0), 0.0, 18.001750083976543, 1247.0587915731485, 0.0, 0.0, 516.553861077256]]
[[np.float64(0.0), 0.0, 10.78635547781487, 1241.9757149401883, 0.0, 0.0, 528.8554293304674]]
[[np.float64(0.0), 0.0, 3.745872822909605, 1236.698268277007, 0.0, 0.0, 541.1764508850325]]
[[np.float64(0.00227139969907701), 3.11758648869122, 0.0, 1231.2280352987143, 0.0, 0.0, 553.5132305144905]]
[[np.float64(0.007141479004773119), 9.801964164915496, 0.0, 1225.566657538897, 0.0, 0.0, 565.8620682744795]]
[[np.float64(0.011879623185388133), 16.30525563094799, 0.0, 1219.7158338571655, 0.0, 0.0, 578.2192606124747]]
[[np.float64(0.016484411330295202), 22.62551063040111, 0.0, 1213.6773199295149, 0.0, 0.0, 590.5811014786143]]
[[np.float64(0.02095446253011289), 28.760833810188643, 0.0, 1207.4529277216486, 0.0, 0.0, 602.9438834372728]]
[[np.float64(0.025288436290833872), 34.709385288933866, 0.0, 1201.0445249453996, 0.0, 0.0, 615.3038987790441]]
[[np.float64(0.029485032935831542), 40.46938120873964, 0.0, 1194.4540344984582, 0.0, 0.0, 627.6574406328194]]
[[np.float64(0.033542993995622446), 46.03909427015283, 0.0, 1187.6834338875208, 0.0, 0.0, 640.000804077599]]
[[np.float64(0.03746110258526897), 51.416854250164555, 0.0, 1180.734754635078, 0.0, 0.0, 652.3302872537289]]
[[np.float64(0.04123818376931037), 56.6010485030925, 0.0, 1173.6100816699952, 0.0, 0.0, 664.6421924732164]]
[[np.float64(0.04487310491410847), 61.59012244418946, 0.0, 1166.311552702065, 0.0, 0.0, 676.9328273287895]]
[[np.float64(0.04836477602750573), 66.38258001583752, 0.0, 1158.841357580745, 0.0, 0.0, 689.1985058013789]]
[[np.float64(0.05171215008569553), 70.97698413619052, 0.0, 1151.201737638247, 0.0, 0.0, 701.4355493656835]]
[[np.float64(0.05491422334719859), 75.37195713011928, 0.0, 1143.394985017181, 0.0, 0.0, 713.6402880934781]]
[[np.float64(0.05797003565386316), 79.56618114234621, 0.0, 1135.4234419829666, 0.0, 0.0, 725.8090617543556]]
[[np.float64(0.06087867071878756), 83.55839853263053, 0.0, 1127.2895002212072, 0.0, 0.0, 737.9382209135489]]
[[np.float64(0.0636392564010845), 87.34741225289325, 0.0, 1118.9956001202413, 0.0, 0.0, 750.0241280265234]]
[[np.float64(0.066250964967405), 90.93208620616906, 0.0, 1110.544230039082, 0.0, 0.0, 762.0631585299933]]
[[np.float64(0.06871301334014074), 94.31134558727412, 0.0, 1101.937925560974, 0.0, 0.0, 774.0517019290522]]
[[np.float64(0.07102466333223131), 97.4841772050881, 0.0, 1093.1792687327832, 0.0, 0.0, 785.9861628800787]]
[[np.float64(0.07318522186850872), 100.44962978635859, 0.0, 1084.270887290448, 0.0, 0.0, 797.8629622690984]]
[[np.float64(0.07519404119350596), 103.20681426092645, 0.0, 1075.2154538707284, 0.0, 0.0, 809.6785382852755]]
[[np.float64(0.07705051906567653), 105.75490402829985, 0.0, 1066.0156852094872, 0.0, 0.0, 821.429347489218]]
[[np.float64(0.07875409893795743), 108.0931352054843, 0.0, 1056.6743413267448, 0.0, 0.0, 833.1118658757678]]
[[np.float64(0.08030427012462953), 110.220806856005, 0.0, 1047.1942246987464, 0.0, 0.0, 844.7225899309599]]
[[np.float64(0.08170056795441775), 112.13728120004296, 0.0, 1037.5781794173035, 0.0, 0.0, 856.258037682843]]
[[np.float64(0.08294257390979164), 113.84198380563062, 0.0, 1027.8290903366442, 0.0, 0.0, 867.7147497458266]]
[[np.float64(0.08402991575241962), 115.33440376084289, 0.0, 1017.9498822080382, 0.0, 0.0, 879.0892903582574]]
[[np.float64(0.08496226763474364), 116.61409382693752, 0.0, 1007.9435188024651, 0.0, 0.0, 890.3782484129146]]
[[np.float64(0.08573935019763587), 117.68067057239311, 0.0, 997.8130020215663, 0.0, 0.0, 901.5782384801017]]
[[np.float64(0.08636093065411218), 118.53381448780901, 0.0, 987.5613709971624, 0.0, 0.0, 912.6859018230347]]
[[np.float64(0.08682682285907557), 119.17327008163103, 0.0, 977.1917011796122, 0.0, 0.0, 923.6979074052309]]
[[np.float64(0.08713688736506882), 119.59884595667407, 0.0, 966.707103415269, 0.0, 0.0, 934.6109528895818]]
[[np.float64(0.08729103146401937), 119.81041486741886, 0.0, 956.1107230133242, 0.0, 0.0, 945.4217656288166]]
[[np.float64(0.08728920921496403), 119.80791375806488, 0.0, 945.4057388023108, 0.0, 0.0, 956.1271036470655]]
[[np.float64(0.08713142145774527), 119.5913437813294, 0.0, 934.5953621765615, 0.0, 0.0, 966.7237566122111]]
[[np.float64(0.08681771581267647), 119.16077029798781, 0.0, 923.6828361328883, 0.0, 0.0, 977.2085467987577]]
[[np.float64(0.08634818666617172), 118.51632285715, 0.0, 912.6714342977937, 0.0, 0.0, 987.5783300409166]]
[[np.float64(0.08572297514235044), 117.65819515728664, 0.0, 901.5644599454806, 0.0, 0.0, 997.8299966756143]]
[[np.float64(0.08494226906062102), 116.58664498801096, 0.0, 890.3652450069901, 0.0, 0.0, 1007.9604724751701]]
[[np.float64(0.08400630287925648), 115.30199415263411, 0.0, 879.0771490707255, 0.0, 0.0, 1017.9667195693215]]
[[np.float64(0.08291535762498412), 113.80462837152417, 0.0, 867.7035583746941, 0.0, 0.0, 1027.8457373563617]]
[[np.float64(0.0816697608085999), 112.09499716628353, 0.0, 856.2478847907431, 0.0, 0.0, 1037.5945634030797]]
[[np.float64(0.08026988632664527), 110.17361372479644, 0.0, 844.7135648011241, 0.0, 0.0, 1047.2102743332703]]
[[np.float64(0.07871615434916653), 108.04105474717416, 0.0, 833.1040584676618, 0.0, 0.0, 1056.6899867045051]]
[[np.float64(0.07700903119359466), 105.69796027265018, 0.0, 821.4228483938538, 0.0, 0.0, 1066.0308578729434]]
[[np.float64(0.07514902918478295), 103.14503348747616, 0.0, 809.6734386802187, 0.0, 0.0, 1075.2300868458935]]
[[np.float64(0.07313670650124297), 100.38304051387473, 0.0, 797.8593538731859, 0.0, 0.0, 1084.2849151218802]]
[[np.float64(0.07097266700762658), 97.4128101801144, 0.0, 785.9841379078588, 0.0, 0.0, 1093.1926275179703]]
[[np.float64(0.06865756007350408), 94.23523377177527, 0.0, 774.051353044961, 0.0, 0.0, 1101.9505529840937]]
[[np.float64(0.06619208037849267), 90.85126476428026, 0.0, 762.0645788022931, 0.0, 0.0, 1110.5560654041392]]
[[np.float64(0.06357696770379109), 87.26191853676788, 0.0, 750.0274108810021, 0.0, 0.0, 1119.006584383552]]
[[np.float64(0.06081300671018894), 83.46827206740139, 0.0, 737.9434600870115, 0.0, 0.0, 1127.299576023237]]
[[np.float64(0.05790102670261073), 79.47146361019598, 0.0, 725.8163512479108, 0.0, 0.0, 1135.4325536794938]]
[[np.float64(0.0548419013812698), 75.27269235346778, 0.0, 713.6497221256461, 0.0, 0.0, 1143.4030787097888]]
[[np.float64(0.05163654857950476), 70.87321806000374, 0.0, 701.4472223253318, 0.0, 0.0, 1151.2087612041207]]
[[np.float64(0.04828592998837709), 66.2743606890611, 0.0, 689.2125122005084, 0.0, 0.0, 1158.8472607017684]]
[[np.float64(0.04479105086811437), 61.47750000031152, 0.0, 676.9492617551822, 0.0, 0.0, 1166.3162868932106]]
[[np.float64(0.04115295974648329), 56.484075139846226, 0.0, 664.6611495429664, 0.0, 0.0, 1173.6136003069885]]
[[np.float64(0.0373727481041825), 51.29558420836503, 0.0, 652.351861563663, 0.0, 0.0, 1180.7370129813255]]
[[np.float64(0.03345155004735436), 45.91358381168575, 0.0, 640.025090157613, 0.0, 0.0, 1187.6843891202964]]
[[np.float64(0.029390541967308687), 40.339688593701474, 0.0, 627.6845328981439, 0.0, 0.0, 1194.4536457343413]]
[[np.float64(0.025190942187562567), 34.57557075192869, 0.0, 615.3338914824482, 0.0, 0.0, 1201.0427532649394]]
[[np.float64(0.020854010598301553), 28.622959535790695, 0.0, 602.9768706212337, 0.0, 0.0, 1207.44973619326]]
[[np.float64(0.016381048278374187), 22.48364072779005, 0.0, 590.6171769274614, 0.0, 0.0, 1213.6726736325907]]
[[np.float64(0.011773397104930248), 16.159456107721542, 0.0, 578.2585178045244, 0.0, 0.0, 1219.7096999043906]]
[[np.float64(0.007032439350821038), 9.652302900088037, 0.0, 565.9046003341837, 0.0, 0.0, 1225.5590050977664]]
[[np.float64(0.002159597269883047), 2.9641332048858233, 0.0, 553.5591301646102, 0.0, 0.0, 1231.2188356122342]]
[[np.float64(0.0), 0.0, 3.903046588070121, 541.2258103988488, 0.0, 0.0, 1236.6874946835721]]
[[np.float64(0.0), 0.0, 10.94717640110766, 528.9083404840592, 0.0, 0.0, 1241.9633428926377]]
[[np.float64(0.0), 0.0, 18.166143086760684, 516.6104151018479, 0.0, 0.0, 1247.044798656974]]
[[np.float64(0.0), 0.0, 25.557781061751296, 504.3357230600331, 0.0, 0.0, 1251.9303387050659]]
[[np.float64(0.0), 0.0, 33.1198729567029, 492.0879461861753, 0.0, 0.0, 1256.6184985331038]]
[[np.float64(0.0), 0.0, 40.85015028138372, 479.8707582232041, 0.0, 0.0, 1261.1078728441205]]
[[np.float64(0.0), 0.0, 48.74629410528556, 467.6878237274708, 0.0, 0.0, 1265.3971159693642]]
[[np.float64(0.0), 0.0, 56.80593575333358, 455.54279696956155, 0.0, 0.0, 1269.4849422717823]]
[[np.float64(0.0), 0.0, 65.02665751651419, 443.4393208381932, 0.0, 0.0, 1273.3701265314962]]
[[np.float64(0.0), 0.0, 73.40599337721267, 431.38102574753276, 0.0, 0.0, 1277.0515043131586]]
[[np.float64(0.0), 0.0, 81.9414297490421, 419.37152854825797, 0.0, 0.0, 1280.5279723150657]]
[[np.float64(0.0), 0.0, 90.6304062309358, 407.4144314426851, 0.0, 0.0, 1283.7984886999343]]
[[np.float64(0.0), 0.0, 99.47031637528886, 395.5133209043017, 0.0, 0.0, 1286.862073407243]]
[[np.float64(0.0), 0.0, 108.45850846990356, 383.6717666020121, 0.0, 0.0, 1289.717808447038]]
[[np.float64(0.0), 0.0, 117.59228633351766, 371.89332032943287, 0.0, 0.0, 1292.3648381751184]]
[[np.float64(0.0), 0.0, 126.86891012466624, 360.18151493954844, 0.0, 0.0, 1294.802369549516]]
[[np.float64(0.0), 0.0, 136.28559716364222, 348.53986328505175, 0.0, 0.0, 1297.0296723682031]]
[[np.float64(0.0), 0.0, 145.83952276730466, 336.97185716469215, 0.0, 0.0, 1299.046079487943]]
[[np.float64(0.0), 0.0, 155.52782109648538, 325.4809662759328, 0.0, 0.0, 1300.8509870242194]]
[[np.float64(0.0), 0.0, 165.34758601573824, 314.07063717424893, 0.0, 0.0, 1302.4438545321998]]
[[np.float64(0.0), 0.0, 175.29587196517699, 302.7442922393667, 0.0, 0.0, 1303.8242051686611]]
[[np.float64(0.0), 0.0, 185.36969484413703, 291.50532864875765, 0.0, 0.0, 1304.9916258348348]]
[[np.float64(0.0), 0.0, 195.56603290639458, 280.35711735869586, 0.0, 0.0, 1305.94576730013]]
[[np.float64(0.0), 0.0, 205.8818276666791, 269.30300209318557, 0.0, 0.0, 1306.6863443067052]]
[[np.float64(0.0), 0.0, 216.31398481820383, 258.3462983410575, 0.0, 0.0, 1307.2131356548355]]
[[np.float64(0.0), 0.0, 226.85937516093784, 247.4902923615402, 0.0, 0.0, 1307.5259842690698]]
[[np.float64(0.0), 0.0, 237.51483554034584, 236.7382401986032, 0.0, 0.0, 1307.6247972451583]]
[[np.float64(0.0), 0.0, 248.27716979631217, 226.0933667043653, 0.0, 0.0, 1307.5095458777196]]
[[np.float64(0.0), 0.0, 259.1431497219573, 215.55886457186173, 0.0, 0.0, 1307.1802656686514]]
[[np.float64(0.0), 0.0, 270.1095160320724, 205.13789337746496, 0.0, 0.0, 1306.637056316286]]
[[np.float64(0.0), 0.0, 281.1729793408697, 194.83357863323945, 0.0, 0.0, 1305.8800816852815]]
[[np.float64(0.0), 0.0, 292.3302211487619, 184.64901084951853, 0.0, 0.0, 1304.9095697572664]]
[[np.float64(0.0), 0.0, 303.5778948378721, 174.58724460798575, 0.0, 0.0, 1303.7258125622523]]
[[np.float64(0.0), 0.0, 314.91262667597425, 164.65129764553544, 0.0, 0.0, 1302.3291660908305]]
[[np.float64(0.0), 0.0, 326.331016828567, 154.84414994918816, 0.0, 0.0, 1300.720050187184]]
[[np.float64(0.0), 0.0, 337.8296403787741, 145.16874286233633, 0.0, 0.0, 1298.898948422943]]
[[np.float64(0.0), 0.0, 349.4050483547643, 135.6279782025833, 0.0, 0.0, 1296.8664079519278]]
[[np.float64(0.0), 0.0, 361.0537687643878, 126.22471739144028, 0.0, 0.0, 1294.6230393458125]]
[[np.float64(0.0), 0.0, 372.7723076367103, 116.96178059614887, 0.0, 0.0, 1292.1695164107662]]
[[np.float64(0.0), 0.0, 384.5571500701425, 107.84194588387774, 0.0, 0.0, 1289.5065759851316]]
[[np.float64(0.0), 0.0, 396.40476128684077, 98.86794838855435, 0.0, 0.0, 1286.6350177181905]]
[[np.float64(0.0), 0.0, 408.31158769307126, 90.04247949057815, 0.0, 0.0, 1283.5557038300872]]
[[np.float64(0.0), 0.0, 420.27405794520786, 81.36818600966052, 0.0, 0.0, 1280.2695588529807]]
[[np.float64(0.0), 0.0, 432.28858402106346, 72.84766941103551, 0.0, 0.0, 1276.777569353518]]
[[np.float64(0.0), 0.0, 444.35156229620713, 64.48348502528171, 0.0, 0.0, 1273.0807836366782]]
[[np.float64(0.0), 0.0, 456.4593746249675, 56.27814128198218, 0.0, 0.0, 1269.1803114311176]]
[[np.float64(0.0), 0.0, 468.608389425786, 48.23409895746012, 0.0, 0.0, 1265.077323556076]]
[[np.float64(0.0), 0.0, 480.7949627705966, 40.35377043681082, 0.0, 0.0, 1260.7730515699604]]
[[np.float64(0.0), 0.0, 493.0154394779049, 32.639518990453226, 0.0, 0.0, 1256.2687874007213]]
[[np.float64(0.0), 0.0, 505.2661542092412, 25.09365806541715, 0.0, 0.0, 1251.5658829580975]]
[[np.float64(0.0), 0.0, 517.5434325686548, 17.718450591583476, 0.0, 0.0, 1246.6657497278932]]
[[np.float64(0.0), 0.0, 529.8435922049232, 10.51610830307264, 0.0, 0.0, 1241.569858348366]]
[[np.float64(0.0), 0.0, 542.1629439161395, 3.488791075003736, 0.0, 0.0, 1236.2797381688836]]
[[np.float64(0.0), 0.0, 554.4977927563589, 0.0, 3.3613937241941203, 0.0, 1230.796976790965]]
[[np.float64(0.0), 0.0, 566.8444391439567, 0.0, 10.032391864713116, 0.0, 1225.123219591846]]
[[np.float64(0.0), 0.0, 579.1991799713749, 0.0, 16.522202871356633, 0.0, 1219.260169230724]]
[[np.float64(0.0), 0.0, 591.5583097159241, 0.0, 22.82888062340036, 0.0, 1213.2095851378087]]
[[np.float64(0.0), 0.0, 603.9181215513048, 0.0, 28.950533938145067, 0.0, 1206.9732829863572]]
[[np.float64(0.0), 0.0, 616.2749084595131, 0.0, 34.885327137987986, 0.0, 1200.5531341478259]]
[[np.float64(0.0), 0.0, 628.624964342806, 0.0, 40.63148060083948, 0.0, 1193.9510651303308]]
[[np.float64(0.0), 0.0, 640.9645851353756, 0.0, 46.18727129372287, 0.0, 1187.1690570005558]]
[[np.float64(0.0), 0.0, 653.2900699144229, 0.0, 51.55103328939481, 0.0, 1180.2091447893104]]
[[np.float64(0.0), 0.0, 665.5977220102684, 0.0, 56.721158265834866, 0.0, 1173.0734168808845]]
[[np.float64(0.0), 0.0, 677.8838501152007, 0.0, 61.69609598845098, 0.0, 1165.7640143864237]]
[[np.float64(0.0), 0.0, 690.1447693906949, 0.0, 66.47435477485745, 0.0, 1158.2831305014652]]
[[np.float64(0.0), 0.0, 702.3768025726953, 0.0, 71.05450194208531, 0.0, 1150.6330098478688]]
[[np.float64(0.0), 0.0, 714.5762810746205, 0.0, 75.43516423609483, 0.0, 1142.8159478003215]]
[[np.float64(0.0), 0.0, 726.7395460877592, 0.0, 79.6150282434565, 0.0, 1134.8342897976127]]
[[np.float64(0.0), 0.0, 738.8629496787247, 0.0, 83.59284078507753, 0.0, 1126.6904306388997]]
[[np.float64(0.0), 0.0, 750.9428558836524, 0.0, 87.36740929186024, 0.0, 1118.386813765173]]
[[np.float64(0.0), 0.0, 762.975641798791, 0.0, 90.93760216217551, 0.0, 1109.9259305261212]]
[[np.float64(0.0), 0.0, 774.9576986671752, 0.0, 94.30234910104397, 0.0, 1101.3103194326404]]
[[np.float64(0.0), 0.0, 786.885432961052, 0.0, 97.46064144092782, 0.0, 1092.542565395189]]
[[np.float64(0.0), 0.0, 798.7552674597327, 0.0, 100.41153244403083, 0.0, 1083.6252989482352]]
[[np.float64(0.0), 0.0, 810.5636423225466, 0.0, 103.15413758602207, 0.0, 1074.5611954610185]]
[[np.float64(0.0), 0.0, 822.3070161565743, 0.0, 105.6876348210915, 0.0, 1065.352974334862]]
[[np.float64(0.0), 0.0, 833.9818670788501, 0.0, 108.01126482826623, 0.0, 1056.003398187285]]
[[np.float64(0.0), 0.0, 845.5846937726982, 0.0, 110.12433123890607, 0.0, 1046.5152720231513]]
[[np.float64(0.0), 0.0, 857.1120165378984, 0.0, 112.02620084531519, 0.0, 1036.8914423931112]]
[[np.float64(0.0), 0.0, 868.5603783343637, 0.0, 113.71630379040464, 0.0, 1027.1347965395792]]
[[np.float64(0.0), 0.0, 879.92634581901, 0.0, 115.1941337383505, 0.0, 1017.2482615305087]]
[[np.float64(0.0), 0.0, 891.2065103755218, 0.0, 116.45924802619537, 0.0, 1007.234803381232]]
[[np.float64(0.0), 0.0, 902.3974891366837, 0.0, 117.51126779634959, 0.0, 997.0974261646127]]
[[np.float64(0.0), 0.0, 913.4959259989946, 0.0, 118.34987810995165, 0.0, 986.8391711097913]]
[[np.float64(0.0), 0.0, 924.4984926292361, 0.0, 118.97482804104982, 0.0, 976.4631156897824]]
[[np.float64(0.0), 0.0, 935.4018894627147, 0.0, 119.3859307515871, 0.0, 965.9723726982123]]
[[np.float64(0.0), 0.0, 946.2028466928708, 0.0, 119.58306354715495, 0.0, 955.3700893154664]]
[[np.float64(0.0), 0.0, 956.8981252519422, 0.0, 119.56616791350893, 0.0, 944.6594461645125]]
[[np.float64(0.0), 0.0, 967.4845177824213, 0.0, 119.33524953382788, 0.0, 933.8436563567143]]
[[np.float64(0.0), 0.0, 977.958849598975, 0.0, 118.8903782867185, 0.0, 922.9259645278923]]
[[np.float64(0.0), 0.0, 988.317979640576, 0.0, 118.23168822496174, 0.0, 911.9096458649385]]
[[np.float64(0.0), 0.0, 998.5588014125332, 0.0, 117.35937753500606, 0.0, 900.7980051232711]]
[[np.float64(0.0), 0.0, 1008.6782439181468, 0.0, 116.27370847722524, 0.0, 889.594375635418]]
[[np.float64(0.0), 0.0, 1018.6732725797201, 0.0, 114.97500730695403, 0.0, 878.3021183110471]]
[[np.float64(0.0), 0.0, 1028.5408901486278, 0.0, 113.46366417632792, 0.0, 866.9246206287136]]
[[np.float64(0.0), 0.0, 1038.278137604196, 0.0, 111.74013301695668, 0.0, 855.4652956196537]]
[[np.float64(0.0), 0.0, 1047.8820950410966, 0.0, 109.80493140346263, 0.0, 843.9275808439138]]
[[np.float64(0.0), 0.0, 1057.349882545014, 0.0, 107.65864039793327, 0.0, 832.3149373591283]]
[[np.float64(0.0), 0.0, 1066.678661056305, 0.0, 105.30190437532592, 0.0, 820.6308486822553]]
[[np.float64(0.0), 0.0, 1075.8656332213993, 0.0, 102.73543082988374, 0.0, 808.8788197445776]]
[[np.float64(0.0), 0.0, 1084.9080442316892, 0.0, 99.9599901626165, 0.0, 797.0623758402921]]
[[np.float64(0.0), 0.0, 1093.803182649645, 0.0, 96.97641544991329, 0.0, 785.18506156899]]
[[np.float64(0.0), 0.0, 1102.5483812219195, 0.0, 93.78560219335516, 0.0, 773.2504397723529]]
[[np.float64(0.0), 0.0, 1111.1410176791962, 0.0, 90.38850805080352, 0.0, 761.2620904653876]]
[[np.float64(0.0), 0.0, 1119.5785155225376, 0.0, 86.78615254884471, 0.0, 749.223609762512]]
[[np.float64(0.0), 0.0, 1127.8583447959957, 0.0, 82.97961677667601, 0.0, 737.1386087988155]]
[[np.float64(0.0), 0.0, 1135.978022845258, 0.0, 78.97004306152874, 0.0, 725.0107126468234]]
[[np.float64(0.0), 0.0, 1143.9351150621083, 0.0, 74.7586346257216, 0.0, 712.8435592290873]]
[[np.float64(0.0), 0.0, 1151.7272356144586, 0.0, 70.34665522544951, 0.0, 700.6407982269244]]
[[np.float64(0.0), 0.0, 1159.352048161749, 0.0, 65.73542877141595, 0.0, 688.4060899856337]]
[[np.float64(0.0), 0.0, 1166.8072665556865, 0.0, 60.926338934736066, 0.0, 676.1431044159235]]
[[np.float64(0.0), 0.0, 1174.0906555252484, 0.0, 55.92082872165525, 0.0, 663.8555198948096]]
[[np.float64(0.0), 0.0, 1181.200031347337, 0.0, 50.72040005037938, 0.0, 651.5470221605865]]
[[np.float64(0.0), 0.0, 1188.1332625014102, 0.0, 45.3266132969491, 0.0, 639.221303207782]]
[[np.float64(0.0), 0.0, 1194.8882703085874, 0.0, 39.741086826909374, 0.0, 626.8820601797222]]
[[np.float64(0.0), 0.0, 1201.4630295548825, 0.0, 33.96549650958351, 0.0, 614.5329942595476]]
[[np.float64(0.0), 0.0, 1207.8555690984092, 0.0, 28.001575215102946, 0.0, 602.1778095600318]]
[[np.float64(0.0), 0.0, 1214.0639724603586, 0.0, 21.85111229434183, 0.0, 589.820212012528]]
[[np.float64(0.0), 0.0, 1220.0863783995733, 0.0, 15.515953041908459, 0.0, 577.46390825537]]
[[np.float64(0.0), 0.0, 1225.9209814705516, 0.0, 8.997998142364441, 0.0, 565.1126045220751]]
[[np.float64(0.0), 0.0, 1231.566032564712, 0.0, 2.2992030998289406, 0.0, 552.7700055296726]]
[[np.float64(0.0), 0.0, 1237.0198394347533, 4.578422348858072, 0.0, 0.0, 540.4398133674935]]
[[np.float64(0.0), 0.0, 1242.2807672019578, 11.632814837235152, 0.0, 0.0, 528.1257263867565]]
[[np.float64(0.0), 0.0, 1247.3472388462785, 18.861857988402928, 0.0, 0.0, 515.8314380912794]]
[[np.float64(0.0), 0.0, 1252.2177356790735, 26.263383050106466, 0.0, 0.0, 503.560636029657]]
[[np.float64(0.0), 0.0, 1256.890797798336, 33.835169545519655, 0.0, 0.0, 491.3170006892267]]
[[np.float64(0.0), 0.0, 1261.3650245262904, 41.57494593954838, 0.0, 0.0, 479.10420439216045]]
[[np.float64(0.0), 0.0, 1265.6390748292185, 49.48039032043636, 0.0, 0.0, 466.92591019401806]]
[[np.float64(0.0), 0.0, 1269.7116677193887, 57.549131096486285, 0.0, 0.0, 454.78577078507647]]
[[np.float64(0.0), 0.0, 1273.581582638988, 65.77874770767266, 0.0, 0.0, 442.68742739478785]]
[[np.float64(0.0), 0.0, 1277.2476598258993, 74.16677135194038, 0.0, 0.0, 430.6345086996728]]
[[np.float64(0.0), 0.0, 1280.7088006612603, 82.71068572597142, 0.0, 0.0, 418.630629734989]]
[[np.float64(0.0), 0.0, 1283.963967998672, 91.40792778019225, 0.0, 0.0, 406.67939081050247]]
[[np.float64(0.0), 0.0, 1287.0121864749692, 100.25588848780048, 0.0, 0.0, 394.7843764306762]]
[[np.float64(0.0), 0.0, 1289.8525428024489, 109.25191362757612, 0.0, 0.0, 382.94915421961116]]
[[np.float64(0.0), 0.0, 1292.4841860424874, 118.39330458024583, 0.0, 0.0, 371.177273851056]]
[[np.float64(0.0), 0.0, 1294.906327860448, 127.67731913815975, 0.0, 0.0, 359.4722659838102]]
[[np.float64(0.0), 0.0, 1297.118242761806, 137.10117232803375, 0.0, 0.0, 347.8376412028341]]
[[np.float64(0.0), 0.0, 1299.1192683094298, 146.66203724652138, 0.0, 0.0, 336.27688896639086]]
[[np.float64(0.0), 0.0, 1300.9088053219407, 156.35704590835013, 0.0, 0.0, 324.7934765595305]]
[[np.float64(0.0), 0.0, 1302.4863180531013, 166.18329010677976, 0.0, 0.0, 313.39084805423187]]
[[np.float64(0.0), 0.0, 1303.8513343521697, 176.13782228611657, 0.0, 0.0, 302.07242327651505]]
[[np.float64(0.0), 0.0, 1305.0034458051862, 186.2176564260277, 0.0, 0.0, 290.84159678083176]]
[[np.float64(0.0), 0.0, 1305.9423078571303, 196.4197689373841, 0.0, 0.0, 279.7017368320457]]
[[np.float64(0.0), 0.0, 1306.6676399149296, 206.74109956936798, 0.0, 0.0, 268.656184395303]]
[[np.float64(0.0), 0.0, 1307.1792254312825, 217.17855232757236, 0.0, 0.0, 257.7082521340987]]
