652190400.000000
652190401.000000
652190402.000000
652190403.000000
652190404.000000
652190405.000000
652190406.000000
652190407.000000
652190408.000000
652190409.000000
652190410.000000
652190411.000000
652190412.000000
652190413.000000
652190414.000000
652190415.000000
652190416.000000
652190417.000000
652190418.000000
652190419.000000
652190420.000000
652190421.000000
652190422.000000
652190423.000000
652190424.000000
652190425.000000
652190426.000000
652190427.000000
652190428.000000
652190429.000000
652190430.000000
652190431.000000
652190432.000000
652190433.000000
652190434.000000
652190435.000000
652190436.000000
652190437.000000
652190438.000000
652190439.000000
652190440.000000
652190441.000000
652190442.000000
652190443.000000
652190444.000000
652190445.000000
652190446.000000
652190447.000000
652190448.000000
652190449.000000
652190450.000000
652190451.000000
652190452.000000
652190453.000000
652190454.000000
652190455.000000
652190456.000000
652190457.000000
652190458.000000
652190459.000000
652190460.000000
652190461.000000
652190462.000000
652190463.000000
652190464.000000
652190465.000000
652190466.000000
652190467.000000
652190468.000000
652190469.000000
652190470.000000
652190471.000000
652190472.000000
652190473.000000
652190474.000000
652190475.000000
652190476.000000
652190477.000000
652190478.000000
652190479.000000
652190480.000000
652190481.000000
652190482.000000
652190483.000000
652190484.000000
652190485.000000
652190486.000000
652190487.000000
652190488.000000
652190489.000000
652190490.000000
652190491.000000
652190492.000000
652190493.000000
652190494.000000
652190495.000000
652190496.000000
652190497.000000
652190498.000000
652190499.000000
652190500.000000
652190501.000000
652190502.000000
652190503.000000
652190504.000000
652190505.000000
652190506.000000
652190507.000000
652190508.000000
652190509.000000
652190510.000000
652190511.000000
652190512.000000
652190513.000000
652190514.000000
652190515.000000
652190516.000000
652190517.000000
652190518.000000
652190519.000000
652190520.000000
652190521.000000
652190522.000000
652190523.000000
652190524.000000
652190525.000000
652190526.000000
652190527.000000
652190528.000000
652190529.000000
652190530.000000
652190531.000000
652190532.000000
652190533.000000
652190534.000000
652190535.000000
652190536.000000
652190537.000000
652190538.000000
652190539.000000
652190540.000000
652190541.000000
652190542.000000
652190543.000000
652190544.000000
652190545.000000
652190546.000000
652190547.000000
652190548.000000
652190549.000000
652190550.000000
652190551.000000
652190552.000000
652190553.000000
652190554.000000
652190555.000000
652190556.000000
652190557.000000
652190558.000000
652190559.000000
652190560.000000
652190561.000000
652190562.000000
652190563.000000
652190564.000000
652190565.000000
652190566.000000
652190567.000000
652190568.000000
652190569.000000
652190570.000000
652190571.000000
652190572.000000
652190573.000000
652190574.000000
652190575.000000
652190576.000000
652190577.000000
652190578.000000
652190579.000000
652190580.000000
652190581.000000
652190582.000000
652190583.000000
652190584.000000
652190585.000000
652190586.000000
652190587.000000
652190588.000000
652190589.000000
652190590.000000
652190591.000000
652190592.000000
652190593.000000
652190594.000000
652190595.000000
652190596.000000
652190597.000000
652190598.000000
652190599.000000
652190600.000000
652190601.000000
652190602.000000
652190603.000000
652190604.000000
652190605.000000
652190606.000000
652190607.000000
652190608.000000
652190609.000000
652190610.000000
652190611.000000
652190612.000000
652190613.000000
652190614.000000
652190615.000000
652190616.000000
652190617.000000
652190618.000000
652190619.000000
652190620.000000
652190621.000000
652190622.000000
652190623.000000
652190624.000000
652190625.000000
652190626.000000
652190627.000000
652190628.000000
652190629.000000
652190630.000000
652190631.000000
652190632.000000
652190633.000000
652190634.000000
652190635.000000
652190636.000000
652190637.000000
652190638.000000
652190639.000000
652190640.000000
652190641.000000
652190642.000000
652190643.000000
652190644.000000
652190645.000000
652190646.000000
652190647.000000
652190648.000000
652190649.000000
652190650.000000
652190651.000000
652190652.000000
652190653.000000
652190654.000000
652190655.000000
652190656.000000
652190657.000000
652190658.000000
652190659.000000
652190660.000000
652190661.000000
652190662.000000
652190663.000000
652190664.000000
652190665.000000
652190666.000000
652190667.000000
652190668.000000
652190669.000000
652190670.000000
652190671.000000
652190672.000000
652190673.000000
652190674.000000
652190675.000000
652190676.000000
652190677.000000
652190678.000000
652190679.000000
652190680.000000
652190681.000000
652190682.000000
652190683.000000
652190684.000000
652190685.000000
652190686.000000
652190687.000000
652190688.000000
652190689.000000
652190690.000000
652190691.000000
652190692.000000
652190693.000000
652190694.000000
652190695.000000
652190696.000000
652190697.000000
652190698.000000
652190699.000000
652190700.000000
652190701.000000
652190702.000000
652190703.000000
652190704.000000
652190705.000000
652190706.000000
652190707.000000
652190708.000000
652190709.000000
652190710.000000
652190711.000000
652190712.000000
652190713.000000
652190714.000000
652190715.000000
652190716.000000
652190717.000000
652190718.000000
652190719.000000
652190720.000000
652190721.000000
652190722.000000
652190723.000000
652190724.000000
652190725.000000
652190726.000000
652190727.000000
652190728.000000
652190729.000000
652190730.000000
652190731.000000
652190732.000000
652190733.000000
652190734.000000
652190735.000000
652190736.000000
652190737.000000
652190738.000000
652190739.000000
652190740.000000
652190741.000000
652190742.000000
652190743.000000
652190744.000000
652190745.000000
652190746.000000
652190747.000000
652190748.000000
652190749.000000
652190750.000000
652190751.000000
652190752.000000
652190753.000000
652190754.000000
652190755.000000
652190756.000000
652190757.000000
652190758.000000
652190759.000000
652190760.000000
652190761.000000
652190762.000000
652190763.000000
652190764.000000
652190765.000000
652190766.000000
652190767.000000
652190768.000000
652190769.000000
652190770.000000
652190771.000000
652190772.000000
652190773.000000
652190774.000000
652190775.000000
652190776.000000
652190777.000000
652190778.000000
652190779.000000
652190780.000000
652190781.000000
652190782.000000
652190783.000000
652190784.000000
652190785.000000
652190786.000000
652190787.000000
652190788.000000
652190789.000000
652190790.000000
652190791.000000
652190792.000000
652190793.000000
652190794.000000
652190795.000000
652190796.000000
652190797.000000
652190798.000000
652190799.000000
652190800.000000
652190801.000000
652190802.000000
652190803.000000
652190804.000000
652190805.000000
652190806.000000
652190807.000000
652190808.000000
652190809.000000
652190810.000000
652190811.000000
652190812.000000
652190813.000000
652190814.000000
652190815.000000
652190816.000000
652190817.000000
652190818.000000
652190819.000000
652190820.000000
652190821.000000
652190822.000000
652190823.000000
652190824.000000
652190825.000000
652190826.000000
652190827.000000
652190828.000000
652190829.000000
652190830.000000
652190831.000000
652190832.000000
652190833.000000
652190834.000000
652190835.000000
652190836.000000
652190837.000000
652190838.000000
652190839.000000
652190840.000000
652190841.000000
652190842.000000
652190843.000000
652190844.000000
652190845.000000
652190846.000000
652190847.000000
652190848.000000
652190849.000000
652190850.000000
652190851.000000
652190852.000000
652190853.000000
652190854.000000
652190855.000000
652190856.000000
652190857.000000
652190858.000000
652190859.000000
652190860.000000
652190861.000000
652190862.000000
652190863.000000
652190864.000000
652190865.000000
652190866.000000
652190867.000000
652190868.000000
652190869.000000
652190870.000000
652190871.000000
652190872.000000
652190873.000000
652190874.000000
652190875.000000
652190876.000000
652190877.000000
652190878.000000
652190879.000000
652190880.000000
652190881.000000
652190882.000000
652190883.000000
652190884.000000
652190885.000000
652190886.000000
652190887.000000
652190888.000000
652190889.000000
652190890.000000
652190891.000000
652190892.000000
652190893.000000
652190894.000000
652190895.000000
652190896.000000
652190897.000000
652190898.000000
652190899.000000
652190900.000000
652190901.000000
652190902.000000
652190903.000000
652190904.000000
652190905.000000
652190906.000000
652190907.000000
652190908.000000
652190909.000000
652190910.000000
652190911.000000
652190912.000000
652190913.000000
652190914.000000
652190915.000000
652190916.000000
652190917.000000
652190918.000000
652190919.000000
652190920.000000
652190921.000000
652190922.000000
652190923.000000
652190924.000000
652190925.000000
652190926.000000
652190927.000000
652190928.000000
652190929.000000
652190930.000000
652190931.000000
652190932.000000
652190933.000000
652190934.000000
652190935.000000
652190936.000000
652190937.000000
652190938.000000
652190939.000000
652190940.000000
652190941.000000
652190942.000000
652190943.000000
652190944.000000
652190945.000000
652190946.000000
652190947.000000
652190948.000000
652190949.000000
652190950.000000
652190951.000000
652190952.000000
652190953.000000
652190954.000000
652190955.000000
652190956.000000
652190957.000000
652190958.000000
652190959.000000
652190960.000000
652190961.000000
652190962.000000
652190963.000000
652190964.000000
652190965.000000
652190966.000000
652190967.000000
652190968.000000
652190969.000000
652190970.000000
652190971.000000
652190972.000000
652190973.000000
652190974.000000
652190975.000000
652190976.000000
652190977.000000
652190978.000000
652190979.000000
652190980.000000
652190981.000000
652190982.000000
652190983.000000
652190984.000000
652190985.000000
652190986.000000
652190987.000000
652190988.000000
652190989.000000
652190990.000000
652190991.000000
652190992.000000
652190993.000000
652190994.000000
652190995.000000
652190996.000000
652190997.000000
652190998.000000
652190999.000000
652191000.000000
652191001.000000
652191002.000000
652191003.000000
652191004.000000
652191005.000000
652191006.000000
652191007.000000
652191008.000000
652191009.000000
652191010.000000
652191011.000000
652191012.000000
652191013.000000
652191014.000000
652191015.000000
652191016.000000
652191017.000000
652191018.000000
652191019.000000
652191020.000000
652191021.000000
652191022.000000
652191023.000000
652191024.000000
652191025.000000
652191026.000000
652191027.000000
652191028.000000
652191029.000000
652191030.000000
652191031.000000
652191032.000000
652191033.000000
652191034.000000
652191035.000000
652191036.000000
652191037.000000
652191038.000000
652191039.000000
652191040.000000
652191041.000000
652191042.000000
652191043.000000
652191044.000000
652191045.000000
652191046.000000
652191047.000000
652191048.000000
652191049.000000
652191050.000000
652191051.000000
652191052.000000
652191053.000000
652191054.000000
652191055.000000
652191056.000000
652191057.000000
652191058.000000
652191059.000000
652191060.000000
652191061.000000
652191062.000000
652191063.000000
652191064.000000
652191065.000000
652191066.000000
652191067.000000
652191068.000000
652191069.000000
652191070.000000
652191071.000000
652191072.000000
652191073.000000
652191074.000000
652191075.000000
652191076.000000
652191077.000000
652191078.000000
652191079.000000
652191080.000000
652191081.000000
652191082.000000
652191083.000000
652191084.000000
652191085.000000
652191086.000000
652191087.000000
652191088.000000
652191089.000000
652191090.000000
652191091.000000
652191092.000000
652191093.000000
652191094.000000
652191095.000000
652191096.000000
652191097.000000
652191098.000000
652191099.000000
652191100.000000
652191101.000000
652191102.000000
652191103.000000
652191104.000000
652191105.000000
652191106.000000
652191107.000000
652191108.000000
652191109.000000
652191110.000000
652191111.000000
652191112.000000
652191113.000000
652191114.000000
652191115.000000
652191116.000000
652191117.000000
652191118.000000
652191119.000000
652191120.000000
652191121.000000
652191122.000000
652191123.000000
652191124.000000
652191125.000000
652191126.000000
652191127.000000
652191128.000000
652191129.000000
652191130.000000
652191131.000000
652191132.000000
652191133.000000
652191134.000000
652191135.000000
652191136.000000
652191137.000000
652191138.000000
652191139.000000
652191140.000000
652191141.000000
652191142.000000
652191143.000000
652191144.000000
652191145.000000
652191146.000000
652191147.000000
652191148.000000
652191149.000000
652191150.000000
652191151.000000
652191152.000000
652191153.000000
652191154.000000
652191155.000000
652191156.000000
652191157.000000
652191158.000000
652191159.000000
652191160.000000
652191161.000000
652191162.000000
652191163.000000
652191164.000000
652191165.000000
652191166.000000
652191167.000000
652191168.000000
652191169.000000
652191170.000000
652191171.000000
652191172.000000
652191173.000000
652191174.000000
652191175.000000
652191176.000000
652191177.000000
652191178.000000
652191179.000000
652191180.000000
652191181.000000
652191182.000000
652191183.000000
652191184.000000
652191185.000000
652191186.000000
652191187.000000
652191188.000000
652191189.000000
652191190.000000
652191191.000000
652191192.000000
652191193.000000
652191194.000000
652191195.000000
652191196.000000
652191197.000000
652191198.000000
652191199.000000
652191200.000000
652191201.000000
652191202.000000
652191203.000000
652191204.000000
652191205.000000
652191206.000000
652191207.000000
652191208.000000
652191209.000000
652191210.000000
652191211.000000
652191212.000000
652191213.000000
652191214.000000
652191215.000000
652191216.000000
652191217.000000
652191218.000000
652191219.000000
652191220.000000
652191221.000000
652191222.000000
652191223.000000
652191224.000000
652191225.000000
652191226.000000
652191227.000000
652191228.000000
652191229.000000
652191230.000000
652191231.000000
652191232.000000
652191233.000000
652191234.000000
652191235.000000
652191236.000000
652191237.000000
652191238.000000
652191239.000000
652191240.000000
652191241.000000
652191242.000000
652191243.000000
652191244.000000
652191245.000000
652191246.000000
652191247.000000
652191248.000000
652191249.000000
652191250.000000
652191251.000000
652191252.000000
652191253.000000
652191254.000000
652191255.000000
652191256.000000
652191257.000000
652191258.000000
652191259.000000
652191260.000000
652191261.000000
652191262.000000
652191263.000000
652191264.000000
652191265.000000
652191266.000000
652191267.000000
652191268.000000
652191269.000000
652191270.000000
652191271.000000
652191272.000000
652191273.000000
652191274.000000
652191275.000000
652191276.000000
652191277.000000
652191278.000000
652191279.000000
652191280.000000
652191281.000000
652191282.000000
652191283.000000
652191284.000000
652191285.000000
652191286.000000
652191287.000000
652191288.000000
652191289.000000
652191290.000000
652191291.000000
652191292.000000
652191293.000000
652191294.000000
652191295.000000
652191296.000000
652191297.000000
652191298.000000
652191299.000000
652191300.000000
652191301.000000
652191302.000000
652191303.000000
652191304.000000
652191305.000000
652191306.000000
652191307.000000
652191308.000000
652191309.000000
652191310.000000
652191311.000000
652191312.000000
652191313.000000
652191314.000000
652191315.000000
652191316.000000
652191317.000000
652191318.000000
652191319.000000
652191320.000000
652191321.000000
652191322.000000
652191323.000000
652191324.000000
652191325.000000
652191326.000000
652191327.000000
652191328.000000
652191329.000000
652191330.000000
652191331.000000
652191332.000000
652191333.000000
652191334.000000
652191335.000000
652191336.000000
652191337.000000
652191338.000000
652191339.000000
652191340.000000
652191341.000000
652191342.000000
652191343.000000
652191344.000000
652191345.000000
652191346.000000
652191347.000000
652191348.000000
652191349.000000
652191350.000000
652191351.000000
652191352.000000
652191353.000000
652191354.000000
652191355.000000
652191356.000000
652191357.000000
652191358.000000
652191359.000000
652191360.000000
652191361.000000
652191362.000000
652191363.000000
652191364.000000
652191365.000000
652191366.000000
652191367.000000
652191368.000000
652191369.000000
652191370.000000
652191371.000000
652191372.000000
652191373.000000
652191374.000000
652191375.000000
652191376.000000
652191377.000000
652191378.000000
652191379.000000
652191380.000000
652191381.000000
652191382.000000
652191383.000000
652191384.000000
652191385.000000
652191386.000000
652191387.000000
652191388.000000
652191389.000000
652191390.000000
652191391.000000
652191392.000000
652191393.000000
652191394.000000
652191395.000000
652191396.000000
652191397.000000
652191398.000000
652191399.000000
652191400.000000
652191401.000000
652191402.000000
652191403.000000
652191404.000000
652191405.000000
652191406.000000
652191407.000000
652191408.000000
652191409.000000
652191410.000000
652191411.000000
652191412.000000
652191413.000000
652191414.000000
652191415.000000
652191416.000000
652191417.000000
652191418.000000
652191419.000000
652191420.000000
652191421.000000
652191422.000000
652191423.000000
652191424.000000
652191425.000000
652191426.000000
652191427.000000
652191428.000000
652191429.000000
652191430.000000
652191431.000000
652191432.000000
652191433.000000
652191434.000000
652191435.000000
652191436.000000
652191437.000000
652191438.000000
652191439.000000
652191440.000000
652191441.000000
652191442.000000
652191443.000000
652191444.000000
652191445.000000
652191446.000000
652191447.000000
652191448.000000
652191449.000000
652191450.000000
652191451.000000
652191452.000000
652191453.000000
652191454.000000
652191455.000000
652191456.000000
652191457.000000
652191458.000000
652191459.000000
652191460.000000
652191461.000000
652191462.000000
652191463.000000
652191464.000000
652191465.000000
652191466.000000
652191467.000000
652191468.000000
652191469.000000
652191470.000000
652191471.000000
652191472.000000
652191473.000000
652191474.000000
652191475.000000
652191476.000000
652191477.000000
652191478.000000
652191479.000000
652191480.000000
652191481.000000
652191482.000000
652191483.000000
652191484.000000
652191485.000000
652191486.000000
652191487.000000
652191488.000000
652191489.000000
652191490.000000
652191491.000000
652191492.000000
652191493.000000
652191494.000000
652191495.000000
652191496.000000
652191497.000000
652191498.000000
652191499.000000
652191500.000000
652191501.000000
652191502.000000
652191503.000000
652191504.000000
652191505.000000
652191506.000000
652191507.000000
652191508.000000
652191509.000000
652191510.000000
652191511.000000
652191512.000000
652191513.000000
652191514.000000
652191515.000000
652191516.000000
652191517.000000
652191518.000000
652191519.000000
652191520.000000
652191521.000000
652191522.000000
652191523.000000
652191524.000000
652191525.000000
652191526.000000
652191527.000000
652191528.000000
652191529.000000
652191530.000000
652191531.000000
652191532.000000
652191533.000000
652191534.000000
652191535.000000
652191536.000000
652191537.000000
652191538.000000
652191539.000000
652191540.000000
652191541.000000
652191542.000000
652191543.000000
652191544.000000
652191545.000000
652191546.000000
652191547.000000
652191548.000000
652191549.000000
652191550.000000
652191551.000000
652191552.000000
652191553.000000
652191554.000000
652191555.000000
652191556.000000
652191557.000000
652191558.000000
652191559.000000
652191560.000000
652191561.000000
652191562.000000
652191563.000000
652191564.000000
652191565.000000
652191566.000000
652191567.000000
652191568.000000
652191569.000000
652191570.000000
652191571.000000
652191572.000000
652191573.000000
652191574.000000
652191575.000000
652191576.000000
652191577.000000
652191578.000000
652191579.000000
652191580.000000
652191581.000000
652191582.000000
652191583.000000
652191584.000000
652191585.000000
652191586.000000
652191587.000000
652191588.000000
652191589.000000
652191590.000000
652191591.000000
652191592.000000
652191593.000000
652191594.000000
652191595.000000
652191596.000000
652191597.000000
652191598.000000
652191599.000000
652191600.000000
652191601.000000
652191602.000000
652191603.000000
652191604.000000
652191605.000000
652191606.000000
652191607.000000
652191608.000000
652191609.000000
652191610.000000
652191611.000000
652191612.000000
652191613.000000
652191614.000000
652191615.000000
652191616.000000
652191617.000000
652191618.000000
652191619.000000
652191620.000000
652191621.000000
652191622.000000
652191623.000000
652191624.000000
652191625.000000
652191626.000000
652191627.000000
652191628.000000
652191629.000000
652191630.000000
652191631.000000
652191632.000000
652191633.000000
652191634.000000
652191635.000000
652191636.000000
652191637.000000
652191638.000000
652191639.000000
652191640.000000
652191641.000000
652191642.000000
652191643.000000
652191644.000000
652191645.000000
652191646.000000
652191647.000000
652191648.000000
652191649.000000
652191650.000000
652191651.000000
652191652.000000
652191653.000000
652191654.000000
652191655.000000
652191656.000000
652191657.000000
652191658.000000
652191659.000000
652191660.000000
652191661.000000
652191662.000000
652191663.000000
652191664.000000
652191665.000000
652191666.000000
652191667.000000
652191668.000000
652191669.000000
652191670.000000
652191671.000000
652191672.000000
652191673.000000
652191674.000000
652191675.000000
652191676.000000
652191677.000000
652191678.000000
652191679.000000
652191680.000000
652191681.000000
652191682.000000
652191683.000000
652191684.000000
652191685.000000
652191686.000000
652191687.000000
652191688.000000
652191689.000000
652191690.000000
652191691.000000
652191692.000000
652191693.000000
652191694.000000
652191695.000000
652191696.000000
652191697.000000
652191698.000000
652191699.000000
652191700.000000
652191701.000000
652191702.000000
652191703.000000
652191704.000000
652191705.000000
652191706.000000
652191707.000000
652191708.000000
652191709.000000
652191710.000000
652191711.000000
652191712.000000
652191713.000000
652191714.000000
652191715.000000
652191716.000000
652191717.000000
652191718.000000
652191719.000000
652191720.000000
652191721.000000
652191722.000000
652191723.000000
652191724.000000
652191725.000000
652191726.000000
652191727.000000
652191728.000000
652191729.000000
652191730.000000
652191731.000000
652191732.000000
652191733.000000
652191734.000000
652191735.000000
652191736.000000
652191737.000000
652191738.000000
652191739.000000
652191740.000000
652191741.000000
652191742.000000
652191743.000000
652191744.000000
652191745.000000
652191746.000000
652191747.000000
652191748.000000
652191749.000000
652191750.000000
652191751.000000
652191752.000000
652191753.000000
652191754.000000
652191755.000000
652191756.000000
652191757.000000
652191758.000000
652191759.000000
652191760.000000
652191761.000000
652191762.000000
652191763.000000
652191764.000000
652191765.000000
652191766.000000
652191767.000000
652191768.000000
652191769.000000
652191770.000000
652191771.000000
652191772.000000
652191773.000000
652191774.000000
652191775.000000
652191776.000000
652191777.000000
652191778.000000
652191779.000000
652191780.000000
652191781.000000
652191782.000000
652191783.000000
652191784.000000
652191785.000000
652191786.000000
652191787.000000
652191788.000000
652191789.000000
652191790.000000
652191791.000000
652191792.000000
652191793.000000
652191794.000000
652191795.000000
652191796.000000
652191797.000000
652191798.000000
652191799.000000
652191800.000000
652191801.000000
652191802.000000
652191803.000000
652191804.000000
652191805.000000
652191806.000000
652191807.000000
652191808.000000
652191809.000000
652191810.000000
652191811.000000
652191812.000000
652191813.000000
652191814.000000
652191815.000000
652191816.000000
652191817.000000
652191818.000000
652191819.000000
652191820.000000
652191821.000000
652191822.000000
652191823.000000
652191824.000000
652191825.000000
652191826.000000
652191827.000000
652191828.000000
652191829.000000
652191830.000000
652191831.000000
652191832.000000
652191833.000000
652191834.000000
652191835.000000
652191836.000000
652191837.000000
652191838.000000
652191839.000000
652191840.000000
652191841.000000
652191842.000000
652191843.000000
652191844.000000
652191845.000000
652191846.000000
652191847.000000
652191848.000000
652191849.000000
652191850.000000
652191851.000000
652191852.000000
652191853.000000
652191854.000000
652191855.000000
652191856.000000
652191857.000000
652191858.000000
652191859.000000
652191860.000000
652191861.000000
652191862.000000
652191863.000000
652191864.000000
652191865.000000
652191866.000000
652191867.000000
652191868.000000
652191869.000000
652191870.000000
652191871.000000
652191872.000000
652191873.000000
652191874.000000
652191875.000000
652191876.000000
652191877.000000
652191878.000000
652191879.000000
652191880.000000
652191881.000000
652191882.000000
652191883.000000
652191884.000000
652191885.000000
652191886.000000
652191887.000000
652191888.000000
652191889.000000
652191890.000000
652191891.000000
652191892.000000
652191893.000000
652191894.000000
652191895.000000
652191896.000000
652191897.000000
652191898.000000
652191899.000000
652191900.000000
652191901.000000
652191902.000000
652191903.000000
652191904.000000
652191905.000000
652191906.000000
652191907.000000
652191908.000000
652191909.000000
652191910.000000
652191911.000000
652191912.000000
652191913.000000
652191914.000000
652191915.000000
652191916.000000
652191917.000000
652191918.000000
652191919.000000
652191920.000000
652191921.000000
652191922.000000
652191923.000000
652191924.000000
652191925.000000
652191926.000000
652191927.000000
652191928.000000
652191929.000000
652191930.000000
652191931.000000
652191932.000000
652191933.000000
652191934.000000
652191935.000000
652191936.000000
652191937.000000
652191938.000000
652191939.000000
652191940.000000
652191941.000000
652191942.000000
652191943.000000
652191944.000000
652191945.000000
652191946.000000
652191947.000000
652191948.000000
652191949.000000
652191950.000000
652191951.000000
652191952.000000
652191953.000000
652191954.000000
652191955.000000
652191956.000000
652191957.000000
652191958.000000
652191959.000000
652191960.000000
652191961.000000
652191962.000000
652191963.000000
652191964.000000
652191965.000000
652191966.000000
652191967.000000
652191968.000000
652191969.000000
652191970.000000
652191971.000000
652191972.000000
652191973.000000
652191974.000000
652191975.000000
652191976.000000
652191977.000000
652191978.000000
652191979.000000
652191980.000000
652191981.000000
652191982.000000
652191983.000000
652191984.000000
652191985.000000
652191986.000000
652191987.000000
652191988.000000
652191989.000000
652191990.000000
652191991.000000
652191992.000000
652191993.000000
652191994.000000
652191995.000000
652191996.000000
652191997.000000
652191998.000000
652191999.000000
652192000.000000
652192001.000000
652192002.000000
652192003.000000
652192004.000000
652192005.000000
652192006.000000
652192007.000000
652192008.000000
652192009.000000
652192010.000000
652192011.000000
652192012.000000
652192013.000000
652192014.000000
652192015.000000
652192016.000000
652192017.000000
652192018.000000
652192019.000000
652192020.000000
652192021.000000
652192022.000000
652192023.000000
652192024.000000
652192025.000000
652192026.000000
652192027.000000
652192028.000000
652192029.000000
652192030.000000
652192031.000000
652192032.000000
652192033.000000
652192034.000000
652192035.000000
652192036.000000
652192037.000000
652192038.000000
652192039.000000
652192040.000000
652192041.000000
652192042.000000
652192043.000000
652192044.000000
652192045.000000
652192046.000000
652192047.000000
652192048.000000
652192049.000000
652192050.000000
652192051.000000
652192052.000000
652192053.000000
652192054.000000
652192055.000000
652192056.000000
652192057.000000
652192058.000000
652192059.000000
652192060.000000
652192061.000000
652192062.000000
652192063.000000
652192064.000000
652192065.000000
652192066.000000
652192067.000000
652192068.000000
652192069.000000
652192070.000000
652192071.000000
652192072.000000
652192073.000000
652192074.000000
652192075.000000
652192076.000000
652192077.000000
652192078.000000
652192079.000000
652192080.000000
652192081.000000
652192082.000000
652192083.000000
652192084.000000
652192085.000000
652192086.000000
652192087.000000
652192088.000000
652192089.000000
652192090.000000
652192091.000000
652192092.000000
652192093.000000
652192094.000000
652192095.000000
652192096.000000
652192097.000000
652192098.000000
652192099.000000
652192100.000000
652192101.000000
652192102.000000
652192103.000000
652192104.000000
652192105.000000
652192106.000000
652192107.000000
652192108.000000
652192109.000000
652192110.000000
652192111.000000
652192112.000000
652192113.000000
652192114.000000
652192115.000000
652192116.000000
652192117.000000
652192118.000000
652192119.000000
652192120.000000
652192121.000000
652192122.000000
652192123.000000
652192124.000000
652192125.000000
652192126.000000
652192127.000000
652192128.000000
652192129.000000
652192130.000000
652192131.000000
652192132.000000
652192133.000000
652192134.000000
652192135.000000
652192136.000000
652192137.000000
652192138.000000
652192139.000000
652192140.000000
652192141.000000
652192142.000000
652192143.000000
652192144.000000
652192145.000000
652192146.000000
652192147.000000
652192148.000000
652192149.000000
652192150.000000
652192151.000000
652192152.000000
652192153.000000
652192154.000000
652192155.000000
652192156.000000
652192157.000000
652192158.000000
652192159.000000
652192160.000000
652192161.000000
652192162.000000
652192163.000000
652192164.000000
652192165.000000
652192166.000000
652192167.000000
652192168.000000
652192169.000000
652192170.000000
652192171.000000
652192172.000000
652192173.000000
652192174.000000
652192175.000000
652192176.000000
652192177.000000
652192178.000000
652192179.000000
652192180.000000
652192181.000000
652192182.000000
652192183.000000
652192184.000000
652192185.000000
652192186.000000
652192187.000000
652192188.000000
652192189.000000
652192190.000000
652192191.000000
652192192.000000
652192193.000000
652192194.000000
652192195.000000
652192196.000000
652192197.000000
652192198.000000
652192199.000000
652192200.000000
652192201.000000
652192202.000000
652192203.000000
652192204.000000
652192205.000000
652192206.000000
652192207.000000
652192208.000000
652192209.000000
652192210.000000
652192211.000000
652192212.000000
652192213.000000
652192214.000000
652192215.000000
652192216.000000
652192217.000000
652192218.000000
652192219.000000
652192220.000000
652192221.000000
652192222.000000
652192223.000000
652192224.000000
652192225.000000
652192226.000000
652192227.000000
652192228.000000
652192229.000000
652192230.000000
652192231.000000
652192232.000000
652192233.000000
652192234.000000
652192235.000000
652192236.000000
652192237.000000
652192238.000000
652192239.000000
652192240.000000
652192241.000000
652192242.000000
652192243.000000
652192244.000000
652192245.000000
652192246.000000
652192247.000000
652192248.000000
652192249.000000
652192250.000000
652192251.000000
652192252.000000
652192253.000000
652192254.000000
652192255.000000
652192256.000000
652192257.000000
652192258.000000
652192259.000000
652192260.000000
652192261.000000
652192262.000000
652192263.000000
652192264.000000
652192265.000000
652192266.000000
652192267.000000
652192268.000000
652192269.000000
652192270.000000
652192271.000000
652192272.000000
652192273.000000
652192274.000000
652192275.000000
652192276.000000
652192277.000000
652192278.000000
652192279.000000
652192280.000000
652192281.000000
652192282.000000
652192283.000000
652192284.000000
652192285.000000
652192286.000000
652192287.000000
652192288.000000
652192289.000000
652192290.000000
652192291.000000
652192292.000000
652192293.000000
652192294.000000
652192295.000000
652192296.000000
652192297.000000
652192298.000000
652192299.000000
652192300.000000
652192301.000000
652192302.000000
652192303.000000
652192304.000000
652192305.000000
652192306.000000
652192307.000000
652192308.000000
652192309.000000
652192310.000000
652192311.000000
652192312.000000
652192313.000000
652192314.000000
652192315.000000
652192316.000000
652192317.000000
652192318.000000
652192319.000000
652192320.000000
652192321.000000
652192322.000000
652192323.000000
652192324.000000
652192325.000000
652192326.000000
652192327.000000
652192328.000000
652192329.000000
652192330.000000
652192331.000000
652192332.000000
652192333.000000
652192334.000000
652192335.000000
652192336.000000
652192337.000000
652192338.000000
652192339.000000
652192340.000000
652192341.000000
652192342.000000
652192343.000000
652192344.000000
652192345.000000
652192346.000000
652192347.000000
652192348.000000
652192349.000000
652192350.000000
652192351.000000
652192352.000000
652192353.000000
652192354.000000
652192355.000000
652192356.000000
652192357.000000
652192358.000000
652192359.000000
652192360.000000
652192361.000000
652192362.000000
652192363.000000
652192364.000000
652192365.000000
652192366.000000
652192367.000000
652192368.000000
652192369.000000
652192370.000000
652192371.000000
652192372.000000
652192373.000000
652192374.000000
652192375.000000
652192376.000000
652192377.000000
652192378.000000
652192379.000000
652192380.000000
652192381.000000
652192382.000000
652192383.000000
652192384.000000
652192385.000000
652192386.000000
652192387.000000
652192388.000000
652192389.000000
652192390.000000
652192391.000000
652192392.000000
652192393.000000
652192394.000000
652192395.000000
652192396.000000
652192397.000000
652192398.000000
652192399.000000
652192400.000000
652192401.000000
652192402.000000
652192403.000000
652192404.000000
652192405.000000
652192406.000000
652192407.000000
652192408.000000
652192409.000000
652192410.000000
652192411.000000
652192412.000000
652192413.000000
652192414.000000
652192415.000000
652192416.000000
652192417.000000
652192418.000000
652192419.000000
652192420.000000
652192421.000000
652192422.000000
652192423.000000
652192424.000000
652192425.000000
652192426.000000
652192427.000000
652192428.000000
652192429.000000
652192430.000000
652192431.000000
652192432.000000
652192433.000000
652192434.000000
652192435.000000
652192436.000000
652192437.000000
652192438.000000
652192439.000000
652192440.000000
652192441.000000
652192442.000000
652192443.000000
652192444.000000
652192445.000000
652192446.000000
652192447.000000
652192448.000000
652192449.000000
652192450.000000
652192451.000000
652192452.000000
652192453.000000
652192454.000000
652192455.000000
652192456.000000
652192457.000000
652192458.000000
652192459.000000
652192460.000000
652192461.000000
652192462.000000
652192463.000000
652192464.000000
652192465.000000
652192466.000000
652192467.000000
652192468.000000
652192469.000000
652192470.000000
652192471.000000
652192472.000000
652192473.000000
652192474.000000
652192475.000000
652192476.000000
652192477.000000
652192478.000000
652192479.000000
652192480.000000
652192481.000000
652192482.000000
652192483.000000
652192484.000000
652192485.000000
652192486.000000
652192487.000000
652192488.000000
652192489.000000
652192490.000000
652192491.000000
652192492.000000
652192493.000000
652192494.000000
652192495.000000
652192496.000000
652192497.000000
652192498.000000
652192499.000000
652192500.000000
652192501.000000
652192502.000000
652192503.000000
652192504.000000
652192505.000000
652192506.000000
652192507.000000
652192508.000000
652192509.000000
652192510.000000
652192511.000000
652192512.000000
652192513.000000
652192514.000000
652192515.000000
652192516.000000
652192517.000000
652192518.000000
652192519.000000
652192520.000000
652192521.000000
652192522.000000
652192523.000000
652192524.000000
652192525.000000
652192526.000000
652192527.000000
652192528.000000
652192529.000000
652192530.000000
652192531.000000
652192532.000000
652192533.000000
652192534.000000
652192535.000000
652192536.000000
652192537.000000
652192538.000000
652192539.000000
652192540.000000
652192541.000000
652192542.000000
652192543.000000
652192544.000000
652192545.000000
652192546.000000
652192547.000000
652192548.000000
652192549.000000
652192550.000000
652192551.000000
652192552.000000
652192553.000000
652192554.000000
652192555.000000
652192556.000000
652192557.000000
652192558.000000
652192559.000000
652192560.000000
652192561.000000
652192562.000000
652192563.000000
652192564.000000
652192565.000000
652192566.000000
652192567.000000
652192568.000000
652192569.000000
652192570.000000
652192571.000000
652192572.000000
652192573.000000
652192574.000000
652192575.000000
652192576.000000
652192577.000000
652192578.000000
652192579.000000
652192580.000000
652192581.000000
652192582.000000
652192583.000000
652192584.000000
652192585.000000
652192586.000000
652192587.000000
652192588.000000
652192589.000000
652192590.000000
652192591.000000
652192592.000000
652192593.000000
652192594.000000
652192595.000000
652192596.000000
652192597.000000
652192598.000000
652192599.000000
652192600.000000
652192601.000000
652192602.000000
652192603.000000
652192604.000000
652192605.000000
652192606.000000
652192607.000000
652192608.000000
652192609.000000
652192610.000000
652192611.000000
652192612.000000
652192613.000000
652192614.000000
652192615.000000
652192616.000000
652192617.000000
652192618.000000
652192619.000000
652192620.000000
652192621.000000
652192622.000000
652192623.000000
652192624.000000
652192625.000000
652192626.000000
652192627.000000
652192628.000000
652192629.000000
652192630.000000
652192631.000000
652192632.000000
652192633.000000
652192634.000000
652192635.000000
652192636.000000
652192637.000000
652192638.000000
652192639.000000
652192640.000000
652192641.000000
652192642.000000
652192643.000000
652192644.000000
652192645.000000
652192646.000000
652192647.000000
652192648.000000
652192649.000000
652192650.000000
652192651.000000
652192652.000000
652192653.000000
652192654.000000
652192655.000000
652192656.000000
652192657.000000
652192658.000000
652192659.000000
652192660.000000
652192661.000000
652192662.000000
652192663.000000
652192664.000000
652192665.000000
652192666.000000
652192667.000000
652192668.000000
652192669.000000
652192670.000000
652192671.000000
652192672.000000
652192673.000000
652192674.000000
652192675.000000
652192676.000000
652192677.000000
652192678.000000
652192679.000000
652192680.000000
652192681.000000
652192682.000000
652192683.000000
652192684.000000
652192685.000000
652192686.000000
652192687.000000
652192688.000000
652192689.000000
652192690.000000
652192691.000000
652192692.000000
652192693.000000
652192694.000000
652192695.000000
652192696.000000
652192697.000000
652192698.000000
652192699.000000
652192700.000000
652192701.000000
652192702.000000
652192703.000000
652192704.000000
652192705.000000
652192706.000000
652192707.000000
652192708.000000
652192709.000000
652192710.000000
652192711.000000
652192712.000000
652192713.000000
652192714.000000
652192715.000000
652192716.000000
652192717.000000
652192718.000000
652192719.000000
652192720.000000
652192721.000000
652192722.000000
652192723.000000
652192724.000000
652192725.000000
652192726.000000
652192727.000000
652192728.000000
652192729.000000
652192730.000000
652192731.000000
652192732.000000
652192733.000000
652192734.000000
652192735.000000
652192736.000000
652192737.000000
652192738.000000
652192739.000000
652192740.000000
652192741.000000
652192742.000000
652192743.000000
652192744.000000
652192745.000000
652192746.000000
652192747.000000
652192748.000000
652192749.000000
652192750.000000
652192751.000000
652192752.000000
652192753.000000
652192754.000000
652192755.000000
652192756.000000
652192757.000000
652192758.000000
652192759.000000
652192760.000000
652192761.000000
652192762.000000
652192763.000000
652192764.000000
652192765.000000
652192766.000000
652192767.000000
652192768.000000
652192769.000000
652192770.000000
652192771.000000
652192772.000000
652192773.000000
652192774.000000
652192775.000000
652192776.000000
652192777.000000
652192778.000000
652192779.000000
652192780.000000
652192781.000000
652192782.000000
652192783.000000
652192784.000000
652192785.000000
652192786.000000
652192787.000000
652192788.000000
652192789.000000
652192790.000000
652192791.000000
652192792.000000
652192793.000000
652192794.000000
652192795.000000
652192796.000000
652192797.000000
652192798.000000
652192799.000000
652192800.000000
652192801.000000
652192802.000000
652192803.000000
652192804.000000
652192805.000000
652192806.000000
652192807.000000
652192808.000000
652192809.000000
652192810.000000
652192811.000000
652192812.000000
652192813.000000
652192814.000000
652192815.000000
652192816.000000
652192817.000000
652192818.000000
652192819.000000
652192820.000000
652192821.000000
652192822.000000
652192823.000000
652192824.000000
652192825.000000
652192826.000000
652192827.000000
652192828.000000
652192829.000000
652192830.000000
652192831.000000
652192832.000000
652192833.000000
652192834.000000
652192835.000000
652192836.000000
652192837.000000
652192838.000000
652192839.000000
652192840.000000
652192841.000000
652192842.000000
652192843.000000
652192844.000000
652192845.000000
652192846.000000
652192847.000000
652192848.000000
652192849.000000
652192850.000000
652192851.000000
652192852.000000
652192853.000000
652192854.000000
652192855.000000
652192856.000000
652192857.000000
652192858.000000
652192859.000000
652192860.000000
652192861.000000
652192862.000000
652192863.000000
652192864.000000
652192865.000000
652192866.000000
652192867.000000
652192868.000000
652192869.000000
652192870.000000
652192871.000000
652192872.000000
652192873.000000
652192874.000000
652192875.000000
652192876.000000
652192877.000000
652192878.000000
652192879.000000
652192880.000000
652192881.000000
652192882.000000
652192883.000000
652192884.000000
652192885.000000
652192886.000000
652192887.000000
652192888.000000
652192889.000000
652192890.000000
652192891.000000
652192892.000000
652192893.000000
652192894.000000
652192895.000000
652192896.000000
652192897.000000
652192898.000000
652192899.000000
652192900.000000
652192901.000000
652192902.000000
652192903.000000
652192904.000000
652192905.000000
652192906.000000
652192907.000000
652192908.000000
652192909.000000
652192910.000000
652192911.000000
652192912.000000
652192913.000000
652192914.000000
652192915.000000
652192916.000000
652192917.000000
652192918.000000
652192919.000000
652192920.000000
652192921.000000
652192922.000000
652192923.000000
652192924.000000
652192925.000000
652192926.000000
652192927.000000
652192928.000000
652192929.000000
652192930.000000
652192931.000000
652192932.000000
652192933.000000
652192934.000000
652192935.000000
652192936.000000
652192937.000000
652192938.000000
652192939.000000
652192940.000000
652192941.000000
652192942.000000
652192943.000000
652192944.000000
652192945.000000
652192946.000000
652192947.000000
652192948.000000
652192949.000000
652192950.000000
652192951.000000
652192952.000000
652192953.000000
652192954.000000
652192955.000000
652192956.000000
652192957.000000
652192958.000000
652192959.000000
652192960.000000
652192961.000000
652192962.000000
652192963.000000
652192964.000000
652192965.000000
652192966.000000
652192967.000000
652192968.000000
652192969.000000
652192970.000000
652192971.000000
652192972.000000
652192973.000000
652192974.000000
652192975.000000
652192976.000000
652192977.000000
652192978.000000
652192979.000000
652192980.000000
652192981.000000
652192982.000000
652192983.000000
652192984.000000
652192985.000000
652192986.000000
652192987.000000
652192988.000000
652192989.000000
652192990.000000
652192991.000000
652192992.000000
652192993.000000
652192994.000000
652192995.000000
652192996.000000
652192997.000000
652192998.000000
652192999.000000
652193000.000000
652193001.000000
652193002.000000
652193003.000000
652193004.000000
652193005.000000
652193006.000000
652193007.000000
652193008.000000
652193009.000000
652193010.000000
652193011.000000
652193012.000000
652193013.000000
652193014.000000
652193015.000000
652193016.000000
652193017.000000
652193018.000000
652193019.000000
652193020.000000
652193021.000000
652193022.000000
652193023.000000
652193024.000000
652193025.000000
652193026.000000
652193027.000000
652193028.000000
652193029.000000
652193030.000000
652193031.000000
652193032.000000
652193033.000000
652193034.000000
652193035.000000
652193036.000000
652193037.000000
652193038.000000
652193039.000000
652193040.000000
652193041.000000
652193042.000000
652193043.000000
652193044.000000
652193045.000000
652193046.000000
652193047.000000
652193048.000000
652193049.000000
652193050.000000
652193051.000000
652193052.000000
652193053.000000
652193054.000000
652193055.000000
652193056.000000
652193057.000000
652193058.000000
652193059.000000
652193060.000000
652193061.000000
652193062.000000
652193063.000000
652193064.000000
652193065.000000
652193066.000000
652193067.000000
652193068.000000
652193069.000000
652193070.000000
652193071.000000
652193072.000000
652193073.000000
652193074.000000
652193075.000000
652193076.000000
652193077.000000
652193078.000000
652193079.000000
652193080.000000
652193081.000000
652193082.000000
652193083.000000
652193084.000000
652193085.000000
652193086.000000
652193087.000000
652193088.000000
652193089.000000
652193090.000000
652193091.000000
652193092.000000
652193093.000000
652193094.000000
652193095.000000
652193096.000000
652193097.000000
652193098.000000
652193099.000000
652193100.000000
652193101.000000
652193102.000000
652193103.000000
652193104.000000
652193105.000000
652193106.000000
652193107.000000
652193108.000000
652193109.000000
652193110.000000
652193111.000000
652193112.000000
652193113.000000
652193114.000000
652193115.000000
652193116.000000
652193117.000000
652193118.000000
652193119.000000
652193120.000000
652193121.000000
652193122.000000
652193123.000000
652193124.000000
652193125.000000
652193126.000000
652193127.000000
652193128.000000
652193129.000000
652193130.000000
652193131.000000
652193132.000000
652193133.000000
652193134.000000
652193135.000000
652193136.000000
652193137.000000
652193138.000000
652193139.000000
652193140.000000
652193141.000000
652193142.000000
652193143.000000
652193144.000000
652193145.000000
652193146.000000
652193147.000000
652193148.000000
652193149.000000
652193150.000000
652193151.000000
652193152.000000
652193153.000000
652193154.000000
652193155.000000
652193156.000000
652193157.000000
652193158.000000
652193159.000000
652193160.000000
652193161.000000
652193162.000000
652193163.000000
652193164.000000
652193165.000000
652193166.000000
652193167.000000
652193168.000000
652193169.000000
652193170.000000
652193171.000000
652193172.000000
652193173.000000
652193174.000000
652193175.000000
652193176.000000
652193177.000000
652193178.000000
652193179.000000
652193180.000000
652193181.000000
652193182.000000
652193183.000000
652193184.000000
652193185.000000
652193186.000000
652193187.000000
652193188.000000
652193189.000000
652193190.000000
652193191.000000
652193192.000000
652193193.000000
652193194.000000
652193195.000000
652193196.000000
652193197.000000
652193198.000000
652193199.000000
652193200.000000
652193201.000000
652193202.000000
652193203.000000
652193204.000000
652193205.000000
652193206.000000
652193207.000000
652193208.000000
652193209.000000
652193210.000000
652193211.000000
652193212.000000
652193213.000000
652193214.000000
652193215.000000
652193216.000000
652193217.000000
652193218.000000
652193219.000000
652193220.000000
652193221.000000
652193222.000000
652193223.000000
652193224.000000
652193225.000000
652193226.000000
652193227.000000
652193228.000000
652193229.000000
652193230.000000
652193231.000000
652193232.000000
652193233.000000
652193234.000000
652193235.000000
652193236.000000
652193237.000000
652193238.000000
652193239.000000
652193240.000000
652193241.000000
652193242.000000
652193243.000000
652193244.000000
652193245.000000
652193246.000000
652193247.000000
652193248.000000
652193249.000000
652193250.000000
652193251.000000
652193252.000000
652193253.000000
652193254.000000
652193255.000000
652193256.000000
652193257.000000
652193258.000000
652193259.000000
652193260.000000
652193261.000000
652193262.000000
652193263.000000
652193264.000000
652193265.000000
652193266.000000
652193267.000000
652193268.000000
652193269.000000
652193270.000000
652193271.000000
652193272.000000
652193273.000000
652193274.000000
652193275.000000
652193276.000000
652193277.000000
652193278.000000
652193279.000000
652193280.000000
652193281.000000
652193282.000000
652193283.000000
652193284.000000
652193285.000000
652193286.000000
652193287.000000
652193288.000000
652193289.000000
652193290.000000
652193291.000000
652193292.000000
652193293.000000
652193294.000000
652193295.000000
652193296.000000
652193297.000000
652193298.000000
652193299.000000
652193300.000000
652193301.000000
652193302.000000
652193303.000000
652193304.000000
652193305.000000
652193306.000000
652193307.000000
652193308.000000
652193309.000000
652193310.000000
652193311.000000
652193312.000000
652193313.000000
652193314.000000
652193315.000000
652193316.000000
652193317.000000
652193318.000000
652193319.000000
652193320.000000
652193321.000000
652193322.000000
652193323.000000
652193324.000000
652193325.000000
652193326.000000
652193327.000000
652193328.000000
652193329.000000
652193330.000000
652193331.000000
652193332.000000
652193333.000000
652193334.000000
652193335.000000
652193336.000000
652193337.000000
652193338.000000
652193339.000000
652193340.000000
652193341.000000
652193342.000000
652193343.000000
652193344.000000
652193345.000000
652193346.000000
652193347.000000
652193348.000000
652193349.000000
652193350.000000
652193351.000000
652193352.000000
652193353.000000
652193354.000000
652193355.000000
652193356.000000
652193357.000000
652193358.000000
652193359.000000
652193360.000000
652193361.000000
652193362.000000
652193363.000000
652193364.000000
652193365.000000
652193366.000000
652193367.000000
652193368.000000
652193369.000000
652193370.000000
652193371.000000
652193372.000000
652193373.000000
652193374.000000
652193375.000000
652193376.000000
652193377.000000
652193378.000000
652193379.000000
652193380.000000
652193381.000000
652193382.000000
652193383.000000
652193384.000000
652193385.000000
652193386.000000
652193387.000000
652193388.000000
652193389.000000
652193390.000000
652193391.000000
652193392.000000
652193393.000000
652193394.000000
652193395.000000
652193396.000000
652193397.000000
652193398.000000
652193399.000000
652193400.000000
652193401.000000
652193402.000000
652193403.000000
652193404.000000
652193405.000000
652193406.000000
652193407.000000
652193408.000000
652193409.000000
652193410.000000
652193411.000000
652193412.000000
652193413.000000
652193414.000000
652193415.000000
652193416.000000
652193417.000000
652193418.000000
652193419.000000
652193420.000000
652193421.000000
652193422.000000
652193423.000000
652193424.000000
652193425.000000
652193426.000000
652193427.000000
652193428.000000
652193429.000000
652193430.000000
652193431.000000
652193432.000000
652193433.000000
652193434.000000
652193435.000000
652193436.000000
652193437.000000
652193438.000000
652193439.000000
652193440.000000
652193441.000000
652193442.000000
652193443.000000
652193444.000000
652193445.000000
652193446.000000
652193447.000000
652193448.000000
652193449.000000
652193450.000000
652193451.000000
652193452.000000
652193453.000000
652193454.000000
652193455.000000
652193456.000000
652193457.000000
652193458.000000
652193459.000000
652193460.000000
652193461.000000
652193462.000000
652193463.000000
652193464.000000
652193465.000000
652193466.000000
652193467.000000
652193468.000000
652193469.000000
652193470.000000
652193471.000000
652193472.000000
652193473.000000
652193474.000000
652193475.000000
652193476.000000
652193477.000000
652193478.000000
652193479.000000
652193480.000000
652193481.000000
652193482.000000
652193483.000000
652193484.000000
652193485.000000
652193486.000000
652193487.000000
652193488.000000
652193489.000000
652193490.000000
652193491.000000
652193492.000000
652193493.000000
652193494.000000
652193495.000000
652193496.000000
652193497.000000
652193498.000000
652193499.000000
652193500.000000
652193501.000000
652193502.000000
652193503.000000
652193504.000000
652193505.000000
652193506.000000
652193507.000000
652193508.000000
652193509.000000
652193510.000000
652193511.000000
652193512.000000
652193513.000000
652193514.000000
652193515.000000
652193516.000000
652193517.000000
652193518.000000
652193519.000000
652193520.000000
652193521.000000
652193522.000000
652193523.000000
652193524.000000
652193525.000000
652193526.000000
652193527.000000
652193528.000000
652193529.000000
652193530.000000
652193531.000000
6521