0.000000000000e+00
1.923041658638e+00
1.253950281467e+00
1.005045879295e+00
9.419043782269e-01
8.490589996052e-01
7.884842885687e-01
6.964779838035e-01
5.784340106752e-01
4.797457796789e-01
3.880475213256e-01
3.043752070287e-01
2.356107631990e-01
1.709923309775e-01
1.063615479674e-01
7.036469887996e-02
5.086085388862e-02
3.434353900238e-02
2.311921928193e-02
1.981136371572e-02
1.701615058918e-02
1.464015312819e-02
1.273001984803e-02
1.097888672026e-02
9.391214945397e-03
8.102582690246e-03
6.975902941392e-03
1.610599545928e-02
4.987126487600e-02
1.026446621642e-01
1.688775296889e-01
2.333636319550e-01
2.850789615088e-01
3.177078242505e-01
3.219492188157e-01
3.112677564764e-01
2.835716978886e-01
2.532399929127e-01
2.288786859701e-01
2.258747537128e-01
2.497631677645e-01
2.968010465445e-01
3.532553495224e-01
4.040631990221e-01
4.358136786248e-01
4.363531025012e-01
4.059860656517e-01
3.511011137813e-01
2.892164477941e-01
2.369537795541e-01
2.091919764435e-01
2.185001193250e-01
2.634151859656e-01
3.312976320633e-01
4.132397945653e-01
4.895410654320e-01
5.428543575415e-01
5.568328839501e-01
5.239837177415e-01
4.371180722169e-01
3.119354294942e-01
1.827307437273e-01
9.153319936258e-02
3.696085884229e-02
1.388303798580e-02
1.121704541070e-02
1.042125346117e-02
1.178988718465e-02
1.817240068322e-02
2.715852781539e-02
3.874549281899e-02
5.213511711173e-02
6.153615796716e-02
6.556751097890e-02
6.771115228110e-02
6.898571265734e-02
6.989054535774e-02
6.858743892093e-02
6.193811128209e-02
4.925447210857e-02
4.085476785424e-02
3.265275382842e-02
2.790133925386e-02
2.394318862623e-02
2.092534539935e-02
1.948602162856e-02
1.865407896542e-02
1.680936270052e-02
1.475918214219e-02
1.347866579534e-02
1.137522185574e-02
1.110597399307e-02
1.245125534725e-02
1.349503761768e-02
1.631178984329e-02
1.777199190266e-02
1.480422736781e-02
9.664406872989e-03
7.545997746515e-03
9.711238651867e-03
1.522883732771e-02
2.410347938939e-02
3.022668042969e-02
3.695731856716e-02
4.168851033503e-02
4.283949271855e-02
3.964339598296e-02
3.209135370569e-02
2.473391869696e-02
1.650151284886e-02
1.674684512990e-02
2.761321715884e-02
3.975055060819e-02
3.941279755148e-02
3.030516951385e-02
1.945327715677e-02
1.501015502684e-02
4.236186093594e-02
1.245152446267e-01
2.470449068949e-01
3.784729866343e-01
4.693953496546e-01
5.258034172809e-01
5.547995887189e-01
5.564934796667e-01
5.406993523692e-01
5.170954515416e-01
4.861078321705e-01
4.538270557141e-01
4.208275389904e-01
3.917586307050e-01
3.652143437444e-01
3.436281248190e-01
3.297452801810e-01
3.298090233413e-01
3.475180307000e-01
3.940751723418e-01
4.677413751811e-01
4.442751373396e-01
3.437520972380e-01
2.764046752514e-01
2.256596842310e-01
1.844972125703e-01
1.489552106551e-01
1.219323058293e-01
9.915052326906e-02
8.092937095280e-02
7.030097295759e-02
6.746186513978e-02
7.770029901651e-02
1.020329989547e-01
1.341995535157e-01
1.618306373899e-01
1.367663999314e-01
7.146148553449e-02
6.418068969345e-02
1.234972255636e-01
2.028123701394e-01
2.772698742240e-01
3.451554139938e-01
3.886814934878e-01
4.121473599642e-01
4.125224482211e-01
3.907865523315e-01
3.563546421986e-01
3.155618147420e-01
2.786117356786e-01
2.466043295724e-01
2.250794878838e-01
2.173027866918e-01
2.278735535309e-01
2.611215876491e-01
3.120504761011e-01
3.624880100390e-01
3.949627132258e-01
4.096895570775e-01
4.110627084891e-01
4.111598242946e-01
3.923521613142e-01
3.342498149656e-01
2.656082936192e-01
1.999112074376e-01
1.417117513922e-01
9.257695182201e-02
5.915240485958e-02
4.440102604816e-02
4.663527555655e-02
7.085440438440e-02
1.172753121032e-01
1.845826953013e-01
2.712569270480e-01
2.960913337609e-01
2.134737201695e-01
1.271972348559e-01
7.309136221679e-02
8.279092792600e-02
1.576994816943e-01
2.566873994070e-01
3.240627671102e-01
3.499591632783e-01
3.457795536205e-01
3.192446341230e-01
2.740684185215e-01
2.138210412954e-01
1.478844787630e-01
8.297757970284e-02
6.038929179761e-02
1.203747224387e-01
2.521821818792e-01
4.157587885661e-01
5.601976568409e-01
6.408174711501e-01
6.517941477862e-01
6.009897769815e-01
5.085547290898e-01
3.935874923243e-01
2.859028363185e-01
2.030086515542e-01
1.234214624507e-01
2.799824694806e-01
3.594359943142e-01
3.941915394466e-01
3.145668761138e-01
2.341618927519e-01
1.815083355230e-01
1.635733945992e-01
1.415660288022e-01
1.122349548452e-01
8.137601690372e-02
5.461744218929e-02
3.783551258126e-02
2.997971130772e-02
3.150484280753e-02
4.790335940385e-02
8.697372889632e-02
1.131634223357e-01
8.023621515168e-02
4.709344991293e-02
2.446087194620e-02
1.310435013278e-02
9.232832366868e-03
8.389842073447e-03
8.582657753950e-03
8.826298354788e-03
8.895777452500e-03
8.813281302141e-03
9.256734468047e-03
1.005314838867e-02
1.265262507907e-02
1.749176131965e-02
2.039595116819e-02
2.417563724299e-02
2.588349447626e-02
2.626615161618e-02
2.179673932733e-02
1.635439442509e-02
1.623712295795e-02
2.195166941551e-02
3.179328158667e-02
4.905420900483e-02
6.584562919418e-02
7.292988329149e-02
5.929605003536e-02
2.827563018084e-02
8.189007307721e-03
1.362420152996e-02
4.832715555195e-02
7.274385873846e-02
6.385714786594e-02
4.300893065340e-02
5.269276411234e-02
1.731916052881e-01
3.985004298888e-01
6.878854577068e-01
8.613017863223e-01
9.079520383999e-01
8.534532326284e-01
7.295397100875e-01
5.849805473514e-01
4.618287239971e-01
3.805488241601e-01
3.485780175802e-01
3.663347202760e-01
4.121300118042e-01
4.498257715453e-01
4.652872299956e-01
3.921443092210e-01
2.773638485961e-01
1.738336315257e-01
1.035133006745e-01
6.731412552249e-02
4.724842243288e-02
3.281780233416e-02
2.405979976042e-02
4.017682923570e-02
1.174351980464e-01
2.548503633592e-01
2.840902458724e-01
1.853826000507e-01
8.995140418542e-02
2.991923692592e-02
1.120266618873e-02
6.077858337555e-03
3.983557798798e-03
2.812878739543e-03
2.363470406841e-03
2.618337134518e-03
3.476794111590e-03
4.165696255931e-03
1.102389749712e-02
1.767833812873e-02
2.446021623527e-02
2.738385569686e-02
2.818321694011e-02
2.824295243730e-02
2.406084945676e-02
1.683521737596e-02
1.092355987108e-02
1.310810280626e-02
2.254655435808e-02
4.324208568804e-02
7.450124542364e-02
1.034558275988e-01
9.591110145232e-02
6.288257395092e-02
2.154024515545e-02
6.578620599862e-03
3.408347394554e-02
6.381558512717e-02
6.416051385568e-02
4.682079579249e-02
2.662096672321e-02
2.979469171204e-02
9.507164510194e-02
2.240988120442e-01
3.933697454991e-01
5.368141294244e-01
6.063935366275e-01
5.809632925027e-01
4.765595261275e-01
3.408258763914e-01
2.032937578683e-01
1.093994158221e-01
8.319744944428e-02
1.238231169050e-01
2.152461434988e-01
3.192668264643e-01
3.852625967810e-01
3.722440762692e-01
2.951776367323e-01
1.876057779029e-01
9.577789506370e-02
4.486870783990e-02
4.623114341141e-02
7.713667015495e-02
1.124479693501e-01
1.397702591113e-01
1.535792282885e-01
1.461441399307e-01
1.190421905254e-01
7.474462097254e-02
5.097384130271e-02
4.236968444576e-02
4.497983680471e-02
3.934535948767e-02
2.556672939971e-02
1.365201848959e-02
7.889864551800e-03
4.800955638033e-03
3.155780054927e-03
4.453324341573e-03
4.669505966273e-03
4.181393381564e-03
3.256449017827e-03
3.235705314449e-03
3.047701377454e-03
3.144082005885e-03
5.329192861276e-03
6.657179075166e-03
8.694711866201e-03
4.552476066001e-03
2.651975121516e-03
2.008824797012e-03
2.263294739882e-03
2.662311162500e-03
3.036346687069e-03
3.363163921392e-03
3.259565576278e-03
3.212825280345e-03
3.975781703563e-03
5.837287956255e-03
5.980163585791e-03
6.041424589585e-03
5.282936567828e-03
4.785630556610e-03
4.920167329386e-03
4.104693372769e-03
3.263519782192e-03
6.154823001339e-03
1.085401875764e-02
1.111806936785e-02
1.070741397382e-02
1.000831116313e-02
9.187664526438e-03
6.853818621467e-03
5.391929269519e-03
5.652480256464e-03
7.112751892630e-03
8.689263186389e-03
9.757327990510e-03
1.060497085904e-02
1.070628597821e-02
1.282235997312e-02
1.571762475167e-02
1.580003010789e-02
1.670382774932e-02
1.186553138615e-02
9.691661262773e-03
9.698801042102e-03
1.023268383489e-02
1.168125765258e-02
1.254637668853e-02
1.387613456248e-02
1.343375693861e-02
1.307535325358e-02
9.534685411742e-03
8.842836711811e-03
9.402577285424e-03
1.047735955877e-02
1.071548984347e-02
1.052315906157e-02
1.029209298785e-02
9.891274622633e-03
9.415343649644e-03
7.436911566020e-03
7.598813332543e-03
7.730341751323e-03
7.759503129498e-03
8.200301729778e-03
8.534240191146e-03
8.478569926081e-03
8.153043816560e-03
7.899484460151e-03
6.900568311910e-03
7.618315266365e-03
8.326229118584e-03
9.335771218118e-03
1.008304137088e-02
1.026698006092e-02
9.893828912201e-03
9.348886207598e-03
8.831179352859e-03
7.737869224257e-03
5.843967582195e-03
5.261661647198e-03
4.504483667928e-03
4.023024848571e-03
3.670602449967e-03
3.478037577945e-03
3.096072108963e-03
2.960603610328e-03
3.252395823395e-03
1.175912836597e-02
2.431119863376e-02
2.929469479695e-02
2.319582443802e-02
1.503988384103e-02
1.105917420659e-02
1.010354157081e-02
1.164643470600e-02
1.346015392046e-02
2.144880180801e-02
3.280423107545e-02
3.678723105075e-02
3.526480760887e-02
2.763427625204e-02
1.856702415768e-02
1.234517031572e-02
1.008090751399e-02
8.729512774476e-03
8.521857545971e-03
4.257328549036e-03
3.231505891076e-03
3.164620669578e-03
3.399947650993e-03
3.989079380379e-03
4.569088074273e-03
4.764056043708e-03
5.380158109689e-03
5.294714781627e-03
5.691763104961e-03
8.888509601919e-03
1.396796959863e-02
1.638524964352e-02
1.578273444980e-02
1.496774235911e-02
1.504606538270e-02
1.777838739394e-02
1.817095271368e-02
1.911280197392e-02
1.928784244030e-02
1.703006407240e-02
1.346012152948e-02
1.090640751198e-02
9.166895931373e-03
8.474544363175e-03
8.028887846194e-03
8.125477343994e-03
8.532503644014e-03
7.625623875006e-03
6.719649309580e-03
6.526795391757e-03
6.224568155955e-03
6.636460315658e-03
8.071355205929e-03
8.269770344316e-03
8.361957830013e-03
8.563466787476e-03
9.596608792900e-03
1.175663197587e-02
1.455507498404e-02
1.704039439739e-02
1.811841205231e-02
1.776807808956e-02
1.835348519074e-02
1.951662680034e-02
1.975999746237e-02
1.891321297429e-02
1.876663606713e-02
1.876780583907e-02
1.844578996703e-02
1.909385648169e-02
1.877250803761e-02
1.623386274438e-02
1.464086772954e-02
1.028790376045e-02
5.752113486472e-03
4.839384885007e-03
5.646989348216e-03
7.213373540473e-03
8.598173874969e-03
9.286667198666e-03
1.410645635932e-02
8.308964264265e-03
9.420538799390e-03
2.670072045513e-03
2.321517022689e-03
3.195988307528e-03
7.944528219202e-03
5.245598069391e-03
1.166948083340e-02
6.225427855401e-03
5.771486841186e-03
8.963776139849e-03
8.170819086720e-03
7.629498292963e-03
7.943986598076e-03
1.124829374033e-02
9.322896385224e-03
7.249763442501e-03
8.141865371488e-03
1.464623361367e-02
1.224060599935e-02
6.572631659367e-03
7.219441290798e-03
8.649284965461e-03
1.059111187035e-02
1.763414796279e-02
6.734301800727e-03
4.379222777291e-03
6.550693028626e-03
9.730851593882e-03
7.446122943150e-03
8.190477741366e-03
8.797121017007e-03
6.380317513940e-03
8.582491088126e-03
9.687063016174e-03
1.012706533169e-02
1.090889429600e-02
7.327317864913e-03
8.024450052735e-04
1.981700326411e-03
9.275233384954e-03
2.347705230155e-03
1.486957728927e-03
2.244370143249e-02
1.817684406039e-02
1.020463996417e-02
1.244757334996e-02
1.700124321284e-02
3.031851623613e-03
5.711335464722e-03
1.026855780162e-02
5.219682825952e-03
5.632943230846e-03
1.042569022258e-02
2.080741804447e-02
9.867408484197e-03
7.741227131637e-03
1.252477864851e-02
6.104855021076e-03
8.843357365012e-03
5.067976179305e-03
3.175166429250e-03
5.329252705032e-03
1.088683322288e-02
7.835934738239e-03
5.298129498029e-03
8.211010622188e-03
6.696464026483e-03
1.512918618271e-02
8.025549391666e-03
1.052870891833e-02
1.413895020581e-02
2.520775178660e-02
1.479322617977e-03
8.027769220032e-03
6.112973801332e-03
1.383889060057e-03
3.284181732693e-03
1.009967995331e-02
8.334850325417e-03
7.735390645926e-03
6.506241924440e-03
6.473680022475e-03
8.085920109725e-03
8.742864251957e-03
7.491434130794e-03
1.273669326140e-02
9.738174466756e-03
1.060211311174e-02
7.204646485059e-03
6.900894971709e-03
5.091808781902e-03
5.319559122739e-03
9.726698262999e-03
8.305597650554e-03
8.542789937228e-03
6.977535465529e-03
3.061202522632e-03
1.291825421575e-02
7.565800690960e-03
8.051912458470e-03
3.056644477230e-02
1.845108505455e-02
1.018575025670e-02
1.213955214160e-02
9.869758524940e-03
3.071849061660e-03
5.739302829399e-03
3.096040386345e-03
4.687732303984e-03
1.156694235988e-02
1.382377362059e-02
1.252730676562e-02
6.670571622022e-03
5.995291607337e-03
6.073916294037e-03
4.386751955041e-03
6.945040303097e-03
1.432313304613e-02
2.045799686396e-02
1.569420802558e-02
7.282721395324e-03
2.139798346357e-02
8.951876803719e-03
3.173667945902e-03
2.653015038476e-02
1.818644168203e-02
6.394676837817e-03
1.194831568340e-02
2.990771205686e-03
4.477996714569e-03
4.303150607776e-03
7.567217661431e-03
9.638564757538e-03
1.075938171163e-02
7.592833559166e-03
9.716660730409e-03
1.694046213087e-02
1.572222120430e-02
1.071251003091e-03
4.111174586267e-03
7.098673380105e-03
1.715389529355e-03
3.409226465205e-03
1.126107158128e-02
4.395553767672e-03
1.947170742808e-02
1.612727400166e-02
1.228351945716e-02
9.022672234004e-03
7.882424121876e-03
8.420488539758e-03
1.007850173655e-02
1.147825239887e-02
1.239483158541e-02
1.647590590483e-02
2.090751404338e-02
1.798176954084e-02
1.140229553872e-02
7.269449986421e-03
5.846890606566e-03
5.719169860212e-03
6.408436555800e-03
7.302797228919e-03
8.260627757128e-03
7.804013580141e-03
5.280053199207e-03
4.881465619278e-03
5.625261285326e-03
6.667490767151e-03
7.991421705827e-03
8.993332294612e-03
9.005365956249e-03
8.650309668781e-03
9.087629876672e-03
5.207586926206e-03
2.935302190665e-03
2.992874461474e-03
4.334272220557e-03
6.091702062875e-03
8.200255157935e-03
9.215510462058e-03
9.232482425550e-03
9.768589229007e-03
1.061360452608e-02
9.080292598219e-03
1.151763149682e-02
1.670146021192e-02
1.970348125745e-02
2.293894654934e-02
2.382117649196e-02
2.307644114954e-02
2.145787375664e-02
2.324993940538e-02
1.528011304874e-02
3.308467315339e-03
2.099469198417e-03
3.121695991104e-03
5.516246066809e-03
1.028683713960e-02
1.714921788631e-02
2.060042076101e-02
2.324312377448e-02
2.224251584810e-02
3.325426975042e-03
5.671740041087e-04
7.345003043005e-04
2.823372537529e-04
2.040486682564e-04
6.541227925219e-04
9.031207608597e-04
1.288115267858e-03
2.020673983466e-03
3.589015344535e-03
4.814966337366e-03
4.303263717559e-03
3.746134045556e-03
3.246584210476e-03
2.971906356436e-03
2.598591974332e-03
2.643177166734e-03
2.697071994935e-03
2.501314174203e-03
9.193323549730e-03
1.502648134422e-02
1.491105727470e-02
1.084419713434e-02
7.129453986474e-03
5.246995759967e-03
5.058860128973e-03
5.331478159960e-03
4.208018726082e-03
6.031299288773e-03
1.440744069794e-02
1.647175658021e-02
1.440112849142e-02
1.226710608150e-02
1.032602195160e-02
9.457726933762e-03
7.787696863858e-03
7.062655259153e-03
7.594886043997e-03
9.983579105275e-03
9.089658145377e-03
6.454269786176e-03
4.689339518996e-03
3.841453273580e-03
4.577175509807e-03
5.939771038039e-03
6.955175513471e-03
6.912474347738e-03
5.195130847110e-03
4.261755735400e-03
4.139272952279e-03
4.735889263616e-03
4.872148082534e-03
5.526806389917e-03
6.979311183022e-03
6.788376924847e-03
6.792775490813e-03
6.539431864221e-03
7.096552069337e-03
8.848643702998e-03
1.065789994931e-02
1.219891912515e-02
1.405539523706e-02
1.440674806394e-02
1.307239546127e-02
1.243970275541e-02
1.170853965241e-02
6.488161362034e-03
4.426323811502e-03
3.872867392867e-03
3.551543974312e-03
3.506139984332e-03
3.573038706576e-03
3.708052778252e-03
2.940561755614e-03
2.098852362972e-03
3.243412181315e-03
4.386661014619e-03
3.989117018918e-03
2.894156152598e-03
2.314875236569e-03
1.907683421687e-03
1.718911147579e-03
1.869656642291e-03
1.920247877430e-03
3.866963007172e-03
1.712903611125e-02
2.361395431089e-02
2.385816108247e-02
2.246716671663e-02
1.953885356598e-02
1.599541773046e-02
1.299576334058e-02
1.108204900551e-02
1.090151610319e-02
1.034610683305e-02
1.060200215626e-02
9.785626859804e-03
7.569614061613e-03
5.566791619913e-03
3.656488585563e-03
2.324272992907e-03
1.381774295232e-03
8.525856591090e-04
9.903989496206e-04
6.069629703857e-03
9.739898902018e-03
1.082498866804e-02
1.104161528563e-02
1.202526501733e-02
1.256572112713e-02
1.423158543134e-02
1.645864919961e-02
1.863709056445e-02
2.296979324150e-02
2.661743742176e-02
2.454811937530e-02
2.031559743213e-02
1.607666489593e-02
1.281046829345e-02
1.076769603519e-02
9.981985115563e-03
1.039202221579e-02
1.042692828448e-02
9.129364102444e-03
7.817884556217e-03
6.787749672712e-03
6.009364046796e-03
5.696765323860e-03
6.243072406553e-03
6.777854010391e-03
8.351878375093e-03
1.060879108439e-02
1.974623968001e-02
2.405443617177e-02
2.374051292309e-02
2.227878841837e-02
2.029085017957e-02
1.891189196628e-02
1.689751204954e-02
1.583493645879e-02
1.490794658018e-02
1.698567633825e-02
2.032940047842e-02
2.451457570564e-02
2.824526820964e-02
2.971330898166e-02
2.950131784387e-02
2.905547448799e-02
2.777606027703e-02
2.698815266498e-02
1.157537765539e-02
7.649222944756e-03
8.321909937229e-03
9.842974037398e-03
1.187794420803e-02
1.411111917768e-02
1.487902709360e-02
1.544457307789e-02
1.484909350407e-02
1.100058513473e-02
1.009048923417e-02
9.741939970408e-03
9.414520846877e-03
9.290459755508e-03
9.320129938078e-03
9.355078977235e-03
9.442780114736e-03
9.362064639763e-03
9.867670602867e-03
1.198627995486e-02
1.293734962281e-02
1.322473287954e-02
1.267372152292e-02
1.195715524828e-02
1.147240215441e-02
1.118916982201e-02
1.108393758404e-02
1.107719134968e-02
1.045379637828e-02
1.028103592111e-02
1.051550282457e-02
1.065965938095e-02
1.092167883956e-02
1.116692925032e-02
1.134343252614e-02
1.141364918524e-02
1.141763011131e-02
1.165661709649e-02
1.158726235789e-02
1.162998516638e-02
1.153641327622e-02
1.102039854483e-02
1.050117311531e-02
1.034717212192e-02
1.021879895073e-02
1.042849027929e-02
1.095773459732e-02
1.135822415631e-02
1.229240797403e-02
1.682683752598e-02
1.858315307267e-02
1.757563349788e-02
1.492387174008e-02
1.369690032939e-02
1.338883730653e-02
1.223087839511e-02
1.171337065894e-02
1.026542755087e-02
1.019920677303e-02
1.332612325422e-02
1.448040873559e-02
1.340464042515e-02
1.366978021221e-02
1.478697735292e-02
1.674205211039e-02
1.790894410209e-02
1.737680335278e-02
1.697910848231e-02
1.526371667480e-02
7.816802638032e-03
2.250745110534e-03
2.205240681202e-03
4.490532434102e-03
7.132706742547e-03
9.203570833085e-03
1.245439187924e-02
1.248800558612e-02
1.147396622056e-02
8.565677460012e-03
7.004527488728e-03
6.774452343585e-04
2.887669118686e-03
3.449554503682e-03
3.104025757837e-03
3.996713904979e-03
6.821639928469e-03
1.087581705681e-02
1.454757682970e-02
1.800205954431e-02
1.540256053750e-02
1.126020233663e-02
8.123305479167e-03
4.510884785855e-03
2.819174706020e-03
2.994454421312e-03
3.400224728287e-03
4.684074587865e-03
5.612389198223e-03
5.949215411216e-03
6.307372497578e-03
6.819780708595e-03
6.304852790767e-03
1.018411348335e-02
1.090910549590e-02
8.062741242711e-03
5.724581386798e-03
5.302257827503e-03
6.334904342506e-03
6.424761624501e-03
5.937044537759e-03
3.377963571813e-03
1.311016488745e-03
5.896411020878e-04
1.113128653458e-03
3.442825999685e-03
6.792224975967e-03
9.591564802476e-03
1.012158605382e-02
8.898870559032e-03
7.749301705346e-03
5.864950431599e-03
3.159200980739e-03
1.519973285070e-03
8.978220336215e-04
7.245136398873e-04
8.756379022039e-04
3.380525566955e-03
7.819260618082e-03
1.202559452712e-02
1.911902771221e-02
2.567468946653e-02
2.776399313817e-02
2.375462082663e-02
1.680848332478e-02
9.998409868400e-03
4.569409268275e-03
2.602023426577e-03
2.644479507641e-03
1.944602539906e-03
1.745385575329e-03
1.824064692979e-03
2.367838624408e-03
2.613016322184e-03
3.675051687413e-03
4.545656554233e-03
5.891888942797e-03
7.342824080298e-03
7.557617782433e-03
7.532696771627e-03
8.609011163363e-03
7.709208393741e-03
6.986070715390e-03
7.556351041321e-03
6.916731789999e-03
7.422391998988e-03
7.443959047924e-03
6.193100180694e-03
4.579886794477e-03
4.336288329221e-03
3.448327238150e-03
2.251686886139e-03
1.800858618963e-03
2.614163202767e-03
4.262956998548e-03
5.897929665038e-03
6.132819655107e-03
6.970236615911e-03
8.304430622786e-03
9.535434311780e-03
8.932693310991e-03
8.972179333893e-03
4.705005148001e-03
1.421499901294e-03
3.322056582992e-04
3.881161288524e-04
5.864386092257e-04
1.319648141830e-03
3.611474924695e-03
5.672652503152e-03
8.126841154513e-03
1.022899105586e-02
1.140676479950e-02
9.080727331687e-03
1.110559485419e-02
1.228730525946e-02
1.219668508038e-02
1.290887231120e-02
1.276580893942e-02
1.246371858432e-02
8.185018119877e-03
7.944861437124e-03
7.605994760238e-03
9.566692224802e-03
1.267402362531e-02
1.296479666790e-02
1.113401967872e-02
1.054009443382e-02
6.093144819995e-03
2.689910505185e-03
1.361282798869e-03
1.143558795219e-03
1.659258896261e-03
1.933140527287e-03
3.466947217453e-03
7.470618012470e-03
1.309246107538e-02
1.876772168185e-02
2.033346168516e-02
1.319576082015e-02
5.827071005356e-03
3.084098179546e-03
1.045396366207e-02
2.144136483065e-02
2.123034627393e-02
1.501328583987e-02
9.484487809120e-03
2.188951476164e-02
6.019248854570e-02
1.160701688334e-01
1.483312817998e-01
1.450553090103e-01
1.088817085204e-01
5.552878970384e-02
2.021222890884e-02
4.900960809691e-02
1.443303892762e-01
2.556763704058e-01
3.270806421583e-01
3.502527897020e-01
3.475913388955e-01
3.127425975197e-01
2.618719066033e-01
2.025455783858e-01
1.534964375100e-01
1.313906023166e-01
1.676902100805e-01
2.579748038053e-01
3.780445624336e-01
4.998974195877e-01
5.797317021023e-01
5.798794379466e-01
4.997967905209e-01
3.722929189701e-01
2.618550950488e-01
2.193793931948e-01
2.408329451782e-01
2.533303513125e-01
2.383529058641e-01
1.937839176306e-01
1.267414790685e-01
4.692193977750e-02
6.871017933162e-03
1.548213836179e-02
7.262197822948e-02
8.960359016891e-02
6.379454517381e-02
3.383606165550e-02
1.443889931945e-02
5.949655243967e-03
3.434996448693e-03
2.737116500523e-03
3.143514574554e-03
3.971028091265e-03
5.792535439603e-03
7.371832522724e-03
8.458431005790e-03
9.351275027059e-03
9.950628199951e-03
1.071092358824e-02
1.028258016489e-02
1.102954251227e-02
1.234594206950e-02
1.519029577369e-02
1.639793790308e-02
1.745040615574e-02
2.229585300468e-02
2.517494881456e-02
2.718242910577e-02
2.701667927852e-02
2.401159907272e-02
2.167566806874e-02
2.195372021434e-02
2.322005041919e-02
2.498015242652e-02
2.671542386610e-02
2.650272053435e-02
1.781848694724e-02
9.697352852802e-03
5.094477839901e-03
4.172744756996e-03
4.273442392612e-03
3.981789889651e-03
4.058005014193e-03
4.659008762966e-03
6.038119800416e-03
7.024269656109e-03
8.019489234363e-03
7.545265043296e-03
9.831796085761e-03
1.064118035387e-02
1.077395074122e-02
9.268326500335e-03
7.263950877559e-03
5.380482956863e-03
3.995947435214e-03
3.169523528474e-03
2.797942221072e-03
3.320708677523e-03
4.198701771351e-03
1.231425135423e-02
2.573081030470e-02
3.086196015807e-02
3.154104075986e-02
2.902258562264e-02
2.525395882502e-02
2.234153350844e-02
2.108386988673e-02
2.014590792388e-02
1.989460140586e-02
1.796945200742e-02
1.854405003361e-02
2.245535263667e-02
2.142420309551e-02
1.791722710782e-02
1.380555703703e-02
1.200887906049e-02
1.151305597860e-02
9.560885461234e-03
8.682765193001e-03
8.699637119603e-03
7.789357334764e-03
6.990373720995e-03
6.897727119280e-03
6.812447760789e-03
5.755460645924e-03
4.637006563519e-03
2.654445905388e-03
1.300417958381e-03
8.061932744688e-04
6.823762186155e-04
1.015187351638e-03
1.313656201649e-03
1.463530124781e-03
3.023259926469e-03
8.080364146079e-03
1.200233973982e-02
1.563134443473e-02
1.845546885280e-02
1.689657195608e-02
1.442493299948e-02
8.702120696458e-03
4.196528078988e-03
3.376814533925e-03
8.265030248722e-03
1.814990866924e-02
2.116595910475e-02
2.103263106421e-02
1.393247058843e-02
9.032030313884e-03
2.511566351573e-02
5.619319105971e-02
7.868604507871e-02
7.898990721020e-02
5.740406321511e-02
2.463324787174e-02
7.331852238562e-03
6.966846376316e-03
1.080157484149e-02
1.550565616486e-02
1.534747818593e-02
1.157135092045e-02
1.798232781952e-02
5.705638354137e-02
1.031471905415e-01
1.338234891602e-01
1.269093120800e-01
9.720212551759e-02
6.010636142756e-02
3.647721740189e-02
2.060954301504e-02
2.170748232167e-02
3.505810158479e-02
4.995110503053e-02
5.561761723252e-02
4.999212724283e-02
3.160601387558e-02
1.487400759978e-02
2.498277566585e-02
6.514680718799e-02
1.027516614540e-01
1.027848549899e-01
9.511185348450e-02
7.469583399089e-02
4.820249015754e-02
2.558200222435e-02
3.901643300233e-02
9.266452196597e-02
1.530030065874e-01
1.769947305651e-01
1.801784734444e-01
1.665907188701e-01
1.303837401570e-01
8.714622948727e-02
4.661506690761e-02
2.733085693828e-02
5.641613487431e-02
1.438291214983e-01
2.708192116829e-01
3.541859104906e-01
3.807949815774e-01
3.722602571552e-01
3.339415056446e-01
2.703680412682e-01
2.074468814950e-01
1.367569614077e-01
7.156904545281e-02
4.148165931984e-02
6.608739044986e-02
1.412935074948e-01
2.318124115834e-01
2.705411408242e-01
2.702494026383e-01
2.422264817477e-01
1.887949124965e-01
1.183088948687e-01
4.520375379183e-02
2.337522979990e-02
5.897571581792e-02
1.363755810442e-01
2.035801479980e-01
2.192483931869e-01
2.116080003441e-01
1.919464485077e-01
1.656113557184e-01
1.298253165682e-01
8.540582818684e-02
4.292897393946e-02
2.191171544662e-02
1.188503377992e-02
6.641330185398e-03
5.694049161303e-03
6.198706523138e-03
7.338621470082e-03
8.526309838806e-03
9.452305609811e-03
9.997534118247e-03
1.041935195118e-02
9.892137738067e-03
2.286223650774e-03
7.691785178908e-04
7.565452195385e-04
9.555246815076e-04
1.223103377430e-03
1.849427440524e-03
2.520966005117e-03
2.997638455989e-03
3.194628014532e-03
3.695152329253e-03
4.064762480986e-03
3.259216460682e-03
2.563994147593e-03
3.463783976012e-03
4.606993914332e-03
4.830086391204e-03
3.774705924524e-03
2.203806802414e-03
1.524446778417e-03
7.751863818066e-04
2.662763434333e-04
1.839142624423e-04
1.501572015489e-04
5.703904251021e-04
6.277559650240e-03
1.202368857673e-02
1.430937977346e-02
1.288391308762e-02
9.336919301477e-03
6.111834031192e-03
4.100217390196e-03
2.561025007309e-03
1.677377353126e-03
1.127883050028e-03
7.547936662897e-04
1.087685596822e-03
4.060504980940e-03
5.359755797567e-03
4.398592924490e-03
3.843248955170e-03
3.062668636116e-03
2.773537511334e-03
2.344873942375e-03
2.539684245254e-03
2.721910805296e-03
2.758260581736e-03
2.701125384407e-03
3.875347290666e-03
6.385044239328e-03
8.119710552070e-03
8.865443007574e-03
8.637218850588e-03
6.392349076017e-03
4.911088511800e-03
4.215886276320e-03
4.490772614306e-03
4.433136226546e-03
3.937862252844e-03
3.021968242929e-03
3.031040266915e-03
2.744085458018e-03
1.718823114317e-03
1.037609894775e-03
6.515274586450e-04
4.928220018450e-04
3.636906299919e-04
3.328376249775e-04
3.379305986962e-04
3.858714795968e-04
4.594619129850e-04
9.895090429872e-04
2.491629399341e-03
4.615036110996e-03
6.078554982156e-03
6.522446544800e-03
5.670030897658e-03
4.945605998545e-03
4.962701638809e-03
4.430994286499e-03
4.111115605688e-03
4.224392671242e-03
5.172747931326e-03
5.929718739619e-03
3.440720717924e-03
4.066250312074e-03
4.876641921001e-03
5.121986010063e-03
4.178351311971e-03
3.522485784538e-03
2.457947854093e-03
2.247878631526e-03
1.893889356715e-03
1.621314113717e-03
1.406553047712e-03
1.012482026558e-03
1.772227533213e-03
2.686856956397e-03
3.437630080125e-03
3.866224682243e-03
4.123954603146e-03
4.630150080308e-03
4.789174455788e-03
5.173411985519e-03
5.412684052164e-03
5.660748019766e-03
6.052573755086e-03
7.021061575707e-03
4.100776112954e-03
2.476303918393e-03
2.055918767101e-03
1.932129795273e-03
2.094179737407e-03
1.791596160542e-03
1.770600542509e-03
1.710430534787e-03
1.714253567418e-03
1.800341181727e-03
1.869009232074e-03
2.060347830452e-03
1.635153291315e-03
1.276840018226e-03
1.206869879232e-03
1.332641846648e-03
1.808544607419e-03
2.314008347315e-03
2.932380055238e-03
4.108296669572e-03
4.974979805545e-03
6.238396072163e-03
9.191354213515e-03
1.130792130661e-02
6.803154640122e-03
7.383254310253e-03
9.651529106599e-03
1.322443939206e-02
1.745194171267e-02
2.424379989155e-02
3.389570392470e-02
5.048569308233e-02
8.396326479993e-02
1.378551744562e-01
2.206779260010e-01
3.488314888509e-01
5.443531606222e-01
7.468199573667e-01
8.937235461175e-01
9.791202072455e-01
1.037569007654e+00
1.034548618878e+00
9.786903413370e-01
8.882059957252e-01
7.522363100529e-01
5.932414904106e-01
4.193857237492e-01
2.816574147307e-01
1.743598991942e-01
1.004099322906e-01
6.106260684554e-02
5.152604980257e-02
6.808683694482e-02
1.039561384506e-01
1.473937681973e-01
1.715784673293e-01
1.673762375731e-01
1.407630381753e-01
1.021747953622e-01
6.606667994578e-02
3.880202876810e-02
2.378777012477e-02
2.860277935182e-02
5.729043058180e-02
9.881953675698e-02
1.395070811685e-01
1.342288343255e-01
9.024974113328e-02
4.694418857275e-02
2.285153176477e-02
5.682830310439e-03
5.136546388522e-04
7.129171483301e-04
5.528953840712e-04
3.772501798899e-04
9.485976359844e-04
2.509663168910e-03
4.869982500114e-03
6.350139701803e-03
6.995620079849e-03
6.820064853685e-03
6.518169912197e-03
2.777576342882e-03
1.904713521606e-03
1.696185818412e-03
1.992355782001e-03
2.816045582894e-03
3.505987105402e-03
4.926751266012e-03
6.710298514306e-03
7.988567685848e-03
9.935043838947e-03
1.293683399800e-02
1.792243610038e-02
2.498338676466e-02
2.837136721544e-02
2.844269810818e-02
2.473130777638e-02
2.191697739346e-02
1.651503722632e-02
1.208799956276e-02
7.192063535119e-03
4.689142216865e-03
3.408142962277e-03
2.568224549448e-03
2.014553354878e-03
2.581387168369e-03
4.511757614683e-03
9.983410052717e-03
1.749096360685e-02
2.568654503372e-02
3.106747140535e-02
3.544051648007e-02
3.313581380245e-02
2.880616256903e-02
2.653879681755e-02
1.579573650566e-02
4.188373341563e-03
1.201686374093e-03
6.164432597944e-04
1.392659333189e-03
3.441864723150e-03
8.023899571949e-03
1.553508647508e-02
2.605937997189e-02
3.302378810748e-02
3.315143216695e-02
2.572731358223e-02
2.312483543234e-02
1.497138815231e-02
6.493487482552e-03
2.672726790260e-03
6.460227920431e-04
5.492277755655e-04
1.550316303767e-03
4.210608615937e-03
1.030994289025e-02
1.718906573852e-02
2.325145861823e-02
3.145591571589e-02
6.881005323846e-03
1.494168412738e-03
1.434764817764e-03
2.190133112734e-03
5.274192344346e-03
1.352477504607e-02
2.588202463778e-02
3.866602178346e-02
4.560867838803e-02
4.046304027262e-02
2.633498801520e-02
1.226771203052e-02
4.590367140139e-03
9.782760896969e-04
1.086287660088e-03
1.509681712680e-03
2.628390122353e-03
8.595512472548e-03
2.241052618137e-02
4.276667203205e-02
5.712342343592e-02
6.146976590601e-02
5.613593334002e-02
4.371562395293e-02
3.256642581036e-02
1.805957160219e-02
1.334365558333e-02
1.087582805225e-02
7.895486100292e-03
6.704001107805e-03
7.214994778216e-03
1.013079629581e-02
1.527378531415e-02
2.048442139512e-02
2.456687035764e-02
2.656715781850e-02
2.853994266711e-02
2.858410095709e-02
2.383921846885e-02
1.609170814064e-02
8.512179680314e-03
4.377264385932e-03
3.985708346543e-03
6.124275334561e-03
1.004117944432e-02
1.776009929365e-02
2.745589885155e-02
4.329993004818e-02
4.604455268978e-02
3.593577057833e-02
2.195843522058e-02
8.090629049673e-03
1.816719044610e-03
3.657764072818e-03
6.902081416381e-03
8.101269998530e-03
6.198197890509e-03
6.290083323045e-03
1.310744665893e-02
2.940017747663e-02
5.166453984562e-02
6.643011477555e-02
6.702569447184e-02
5.280727238066e-02
3.163256713744e-02
1.084820201581e-02
7.900341074018e-03
1.936794197263e-02
3.638875786491e-02
4.464952862031e-02
4.132732519229e-02
3.178502598708e-02
4.041665232361e-02
9.757202294794e-02
1.910229836273e-01
2.593306502832e-01
2.700380120243e-01
2.281550363930e-01
1.564729490154e-01
7.212011778120e-02
3.180585515553e-02
7.672294145731e-02
1.922720473591e-01
2.668266700635e-01
3.090880040616e-01
3.289937844128e-01
3.233178900095e-01
2.972647486169e-01
2.559570864310e-01
2.004240761750e-01
1.404726963812e-01
1.003252836732e-01
1.314935858320e-01
2.194306315993e-01
2.879141578770e-01
3.002632339728e-01
2.555733574020e-01
1.757027461726e-01
9.602604834846e-02
4.580225072353e-02
3.987744578457e-02
7.206255915288e-02
1.055269603956e-01
1.179105467021e-01
1.116450110209e-01
8.115537766966e-02
3.338874159480e-02
1.304951225659e-02
1.477527453889e-02
2.428274440654e-02
2.986863675426e-02
3.156286265515e-02
2.962545421362e-02
2.401422075897e-02
1.684603609681e-02
1.514243532571e-02
1.552726622703e-02
1.687743992070e-02
1.715911790888e-02
1.531547796856e-02
1.348113118634e-02
1.074836135544e-02
9.628888080883e-03
9.261434333617e-03
3.818839514845e-03
1.417390643327e-03
9.079478397735e-04
1.147140507233e-03
2.020346662665e-03
3.277642841489e-03
3.920668688380e-03
3.995008749079e-03
3.808634627660e-03
4.371880232684e-03
5.049959398201e-03
9.078005278069e-03
1.165737107658e-02
1.151437659973e-02
1.161171072689e-02
1.197400915177e-02
1.272367816940e-02
1.307940596726e-02
1.290689534724e-02
1.317346748174e-02
1.199004000800e-02
9.884536092704e-03
6.683495795030e-03
5.193735822649e-03
3.766117661637e-03
2.922159723153e-03
2.689191593425e-03
2.442566328662e-03
2.088940364878e-03
2.311350081033e-03
3.260802520878e-03
4.464318435712e-03
4.853179715835e-03
5.690623088844e-03
7.131243537410e-03
6.573813412665e-03
6.014270195925e-03
6.289431225377e-03
7.422461253141e-03
7.931255952103e-03
8.564436789863e-03
1.002778554386e-02
1.149036234541e-02
1.221794028447e-02
1.120374658208e-02
1.049703141607e-02
9.417960677341e-03
7.746324775317e-03
6.762575464770e-03
7.359116812570e-03
8.658256636765e-03
9.667573863416e-03
9.362984360149e-03
8.095403419214e-03
7.261849545215e-03
5.074827492815e-03
4.846277342673e-03
4.445902169239e-03
3.550862018212e-03
2.921443712093e-03
2.954670927782e-03
3.314242075401e-03
4.200037281641e-03
4.963193281476e-03
5.519741148969e-03
5.106442675533e-03
7.952752871732e-03
9.641639109938e-03
9.470720442887e-03
9.266485117839e-03
9.384303714408e-03
9.131324118552e-03
9.003152391936e-03
8.441370481450e-03
8.550271189841e-03
7.960326485062e-03
7.032240639301e-03
8.201380195810e-03
9.279049192244e-03
9.650290142649e-03
9.217723226471e-03
9.895651421656e-03
1.030081004884e-02
1.070138867281e-02
1.064002354701e-02
1.061189990942e-02
1.099646499673e-02
1.133606887658e-02
1.185345843003e-02
1.242250833175e-02
1.236039900243e-02
1.222431106799e-02
1.279304795376e-02
1.308980179780e-02
1.421845672372e-02
1.601702930367e-02
1.735053131253e-02
1.914870194682e-02
2.050958103745e-02
2.229029496584e-02
1.598079711023e-02
1.032413885560e-02
8.860233634243e-03
8.894304776152e-03
1.021293743022e-02
1.252324617708e-02
1.393098224310e-02
1.470062502038e-02
1.577870248903e-02
1.665752653952e-02
1.685380023257e-02
1.755846143215e-02
4.778856476556e-03
1.429422349650e-03
6.899861276955e-04
8.710706829915e-04
1.612041062307e-03
2.673729278866e-03
4.633706447161e-03
6.577303914544e-03
7.326545193080e-03
7.380058307554e-03
7.752632540677e-03
8.174089317969e-03
6.354471097738e-03
5.591155823025e-03
5.192247962933e-03
5.493071786005e-03
5.742405241386e-03
6.709877137511e-03
7.735039558954e-03
8.506779090513e-03
9.398105533064e-03
1.016303747724e-02
1.050051724920e-02
1.213911871808e-02
1.814678501774e-02
2.050681476185e-02
2.046666917781e-02
1.938565692611e-02
1.600399186056e-02
1.298390090052e-02
9.700958133236e-03
8.246028008570e-03
8.127687782522e-03
8.367065379655e-03
8.282772939920e-03
7.293405970122e-03
5.150002378070e-03
4.189917280715e-03
4.150875077326e-03
4.644078122319e-03
5.292958122778e-03
6.496904323483e-03
8.248027633775e-03
9.370046222172e-03
9.786074906307e-03
9.861033924389e-03
9.499235488874e-03
9.996216761802e-03
1.033207077991e-02
1.046791889131e-02
1.023693987058e-02
9.568006232080e-03
9.514380168683e-03
8.866690181758e-03
7.248562274942e-03
6.189659627291e-03
5.517046896917e-03
4.901239478771e-03
5.596880513891e-03
7.886116587209e-03
1.010500566300e-02
1.124815296157e-02
1.181379885728e-02
1.109415095550e-02
1.034605882388e-02
1.065963952869e-02
1.143469703872e-02
1.271171859050e-02
1.443974841323e-02
1.583889564949e-02
1.338995041714e-02
1.132652128794e-02
9.690877544825e-03
9.599275712968e-03
9.453574109101e-03
8.041017396022e-03
7.809289771386e-03
7.353751845125e-03
6.430183775123e-03
5.565257628024e-03
5.737371544986e-03
6.813020221175e-03
6.522943474943e-03
5.413033162949e-03
4.914378312264e-03
5.221224464798e-03
5.066843172929e-03
4.172164995118e-03
3.708146830261e-03
3.909519674606e-03
3.852873591960e-03
4.519761561331e-03
5.149875925090e-03
5.591745095602e-03
8.349702399019e-03
1.141017271134e-02
1.385161560536e-02
1.553532543161e-02
1.757288763694e-02
1.739222159330e-02
1.589869154733e-02
1.430021935176e-02
1.323501377493e-02
1.310160968276e-02
1.289929493339e-02
1.235532615695e-02
1.019287315760e-02
1.020957241669e-02
1.119118915044e-02
1.234397183655e-02
1.310477543145e-02
1.243026341348e-02
1.199008865825e-02
1.220274256818e-02
1.199105534635e-02
1.144606600205e-02
1.133423360566e-02
9.952385053942e-03
9.960310003246e-03
1.052193722166e-02
1.064819857874e-02
1.049434745006e-02
1.026706382337e-02
9.924524240791e-03
9.791962841631e-03
9.699333178073e-03
9.697417462780e-03
9.669569188862e-03
9.632396932063e-03
1.090004017269e-02
1.217323125906e-02
1.263306057224e-02
1.249810263290e-02
1.213917060184e-02
1.164895800078e-02
1.125945757316e-02
1.115945205203e-02
1.169318983565e-02
1.235381941716e-02
1.264688866501e-02
1.235075226493e-02
1.059892497069e-02
1.016332228074e-02
1.041553647041e-02
1.075677703871e-02
1.146057408189e-02
1.150614377299e-02
1.102708754573e-02
1.051154563878e-02
1.038284173994e-02
1.054793663481e-02
1.061364771161e-02
6.801644250035e-03
4.802180185236e-03
4.335960641161e-03
4.825382406932e-03
5.774843658453e-03
6.483894955739e-03
6.866954062200e-03
6.777000033145e-03
6.171194853375e-03
5.896844396123e-03
5.794696199982e-03
5.831475927761e-03
8.790659743551e-03
1.364415599371e-02
1.489998454934e-02
1.384914796850e-02
1.114948456612e-02
8.818316328059e-03
7.160406349957e-03
6.459608525862e-03
6.149305663457e-03
6.301690498748e-03
6.368508565376e-03
6.378840723691e-03
1.679628518875e-02
4.011691493988e-02
5.323066391321e-02
5.599857042495e-02
4.707321616082e-02
3.726291338106e-02
2.585199234866e-02
1.833856855705e-02
1.298483407882e-02
9.949057236302e-03
6.844383657282e-03
7.000680047634e-03
1.031937550382e-02
1.595058391770e-02
2.172939616219e-02
2.741683516951e-02
2.914041968133e-02
2.963405683116e-02
2.978755943996e-02
2.522194168145e-02
2.085187311016e-02
1.652529429850e-02
1.352647570168e-02
1.084765964028e-02
1.013264438188e-02
1.182155118703e-02
1.333297912086e-02
1.412701823544e-02
1.446822285242e-02
1.512636922663e-02
1.438428678593e-02
1.287202657200e-02
1.209244182629e-02
1.108904705162e-02
9.829354619872e-03
9.093639070907e-03
9.517647391659e-03
9.847726037265e-03
9.401969048746e-03
8.930405646767e-03
8.245299175750e-03
6.430058594142e-03
5.789245081896e-03
4.635651456521e-03
3.365381254274e-03
2.057247045760e-03
1.881167902231e-03
3.969390228937e-03
6.577843895554e-03
7.570388258366e-03
7.003518091353e-03
7.613338223084e-03
9.231604870416e-03
9.227319737827e-03
8.474246941027e-03
7.358002757320e-03
6.623479956335e-03
5.753429221812e-03
5.374261520928e-03
1.458355457013e-02
2.187363221861e-02
2.329909986628e-02
2.225851717295e-02
2.075498649254e-02
1.560870174506e-02
1.084016912275e-02
6.932499840880e-03
3.307004200485e-03
2.333541933623e-03
1.485554343701e-03
1.048871576892e-03
7.522915090871e-04
9.889931738098e-04
2.651354978385e-03
4.791665747526e-03
7.316121979745e-03
1.035578972692e-02
1.139705293343e-02
8.513489782615e-03
4.979125509331e-03
1.949889358231e-03
7.848089981910e-04
6.636797633787e-04
1.214059189624e-03
3.524242047262e-03
7.255003468814e-03
1.231121386959e-02
1.851982901062e-02
2.275546566047e-02
2.260513024853e-02
1.988014655875e-02
1.600350587385e-02
1.558299044284e-02
1.263601951620e-02
1.124746975273e-02
1.166111827123e-02
1.112173168537e-02
6.266905601734e-03
2.633315748784e-03
1.269857765154e-03
2.071806331702e-03
2.651134430209e-03
2.422907962979e-03
1.502018079359e-03
3.292333747834e-03
8.959229324121e-03
1.368269311153e-02
1.775553106900e-02
1.443992151096e-02
8.712802113355e-03
3.781636106124e-03
9.895221807167e-03
2.619816223903e-02
4.192296317306e-02
5.023611120492e-02
4.287887914004e-02
2.424471610267e-02
9.187017083299e-03
9.748769884379e-03
3.324073056361e-02
7.816423166771e-02
1.177279302899e-01
1.328529163510e-01
1.214806136623e-01
8.267343703280e-02
3.899870869704e-02
1.870005961575e-02
4.432279401177e-02
1.110647174200e-01
1.549139381794e-01
1.755458727794e-01
1.716059120336e-01
1.517858853099e-01
1.185321384218e-01
7.717076842847e-02
4.277691599686e-02
4.418137102739e-02
9.860913812684e-02
2.104580641251e-01
3.575831000128e-01
5.025601537351e-01
6.077189540572e-01
6.263139095057e-01
5.568789238100e-01
4.176803008325e-01
2.685640164785e-01
1.479956834536e-01
8.732003278687e-02
1.051205657781e-01
1.886062867799e-01
3.105414983641e-01
3.843225352294e-01
3.874384852178e-01
3.213776375719e-01
2.032489991846e-01
9.620389746729e-02
2.837682267436e-02
4.754371777704e-02
1.022966657908e-01
1.127450988097e-01
8.820285823203e-02
6.024977410717e-02
4.102226285151e-02
2.812932925140e-02
2.011449291031e-02
1.333276637980e-02
9.557087069118e-03
6.097852655054e-03
3.877937711479e-03
2.992370004272e-03
2.492401232933e-03
2.352424760614e-03
2.541040663253e-03
2.785086450021e-03
2.833202882776e-03
3.201281217528e-03
3.245483204444e-03
3.329086342634e-03
3.006539969608e-03
5.066543621705e-03
6.760600076573e-03
8.611832407307e-03
1.032849399115e-02
1.102025408140e-02
1.215271279695e-02
1.271747314079e-02
1.273642835568e-02
1.128574970039e-02
9.809068769966e-03
8.492442247244e-03
7.662615413023e-03
7.363133537509e-03
8.423094672153e-03
9.684028189602e-03
1.048081525555e-02
1.181196508854e-02
1.198849231024e-02
1.039885488435e-02
8.976829144454e-03
7.732753385981e-03
6.138308795841e-03
3.835657695025e-03
1.032906369025e-03
9.800549381637e-04
1.198149415714e-03
1.165427917105e-03
1.033174016860e-03
1.088120637648e-03
1.117267779456e-03
1.755995750118e-03
2.109475120563e-03
2.431916527187e-03
2.933523274943e-03
7.138701017723e-03
1.114915646358e-02
1.217632882729e-02
1.129506726347e-02
9.739653850204e-03
7.911157784313e-03
6.361292054130e-03
4.365134567509e-03
3.968484101358e-03
3.601000444857e-03
3.349944782110e-03
5.502024220764e-03
1.237453575104e-02
1.627351411757e-02
1.816274178127e-02
1.781835356776e-02
1.553609121195e-02
1.279365661210e-02
1.244816713849e-02
1.199246660252e-02
1.192724831387e-02
1.289962508769e-02
1.202798883440e-02
1.156895821469e-02
1.289779155251e-02
1.200926673826e-02
1.114616037149e-02
9.745955201253e-03
8.260887491159e-03
6.337346740811e-03
5.214190208186e-03
6.155828075121e-03
5.595473519416e-03
3.742393009651e-03
3.387209271699e-03
3.546653203447e-03
3.608931457874e-03
3.257410730889e-03
3.199721583871e-03
3.372129251309e-03
3.702700339966e-03
4.602464095438e-03
4.758027668209e-03
5.209470822535e-03
5.028079436014e-03
5.597808608733e-03
6.044237783287e-03
6.070227898747e-03
7.264330798190e-03
8.268233349038e-03
7.098276896747e-03
8.318667678771e-03
1.298300239732e-02
1.709069378669e-02
1.518193537274e-02
1.396095506796e-02
1.094490452820e-02
1.081028778506e-02
9.332031679634e-03
8.585644684997e-03
7.794147881765e-03
7.935741078124e-03
6.640256158831e-03
6.205942901043e-03
4.930115866311e-03
4.062504744861e-03
4.134148869172e-03
5.334555370138e-03
5.811802365421e-03
7.245486634889e-03
6.798782552326e-03
1.369779707050e-02
1.606641561485e-02
1.270184483666e-02
7.481401370109e-03
5.069366690082e-03
3.209938217385e-03
2.018264405638e-03
1.055619806842e-03
2.952864616505e-04
1.087555012996e-03
6.265184329466e-03
1.124053907917e-02
1.817984369389e-02
2.276601507328e-02
2.454888805701e-02
2.468787085249e-02
2.091681018761e-02
1.542887523578e-02
1.204703216298e-02
1.087361953588e-02
1.634470990706e-02
2.103797361362e-02
2.495248264438e-02
2.531770115050e-02
2.073887056412e-02
1.643818463020e-02
1.407288425107e-02
1.078224019550e-02
1.167529052225e-02
1.359262296122e-02
3.022344254196e-02
3.663180929269e-02
2.791023660978e-02
1.620660761032e-02
7.387046301300e-03
2.279393560850e-03
6.452670584259e-04
2.350102082724e-05
2.380328265299e-04
1.759747142118e-03
4.123119750272e-03
8.957875089514e-03
1.018113316726e-02
7.543493531061e-03
5.742178598887e-03
2.927860846472e-03
1.643244674283e-03
1.209479802056e-03
9.187492067286e-04
1.583280000309e-03
2.138467328139e-03
6.930205356510e-03
1.515853388282e-02
2.259695957500e-02
3.003598571512e-02
2.962708008474e-02
2.368672620915e-02
1.511183144169e-02
6.523499376531e-03
2.185481352029e-03
3.897724163768e-04
4.978948183111e-04
5.698036769583e-03
1.844778736310e-02
4.035204874371e-02
6.339266510337e-02
7.327715799285e-02
6.801687242804e-02
4.547624628959e-02
2.500715446000e-02
1.096557979298e-02
3.752716995044e-03
2.248052182333e-03
3.273534363984e-03
5.900588181339e-03
1.126857278613e-02
1.714788278365e-02
2.454533911687e-02
2.673887561524e-02
2.671391653021e-02
2.771026082441e-02
2.599645396991e-02
1.800111741506e-02
1.562221949250e-02
1.293192652272e-02
1.312664275885e-02
1.369913672925e-02
1.503619781414e-02
1.581488407951e-02
1.562474802849e-02
1.691725794941e-02
1.676060551514e-02
1.281741530988e-02
8.133984743277e-03
4.360163802309e-03
2.172710861410e-03
9.098791984545e-04
5.183675113571e-04
5.434507712196e-04
1.149591442535e-03
1.868622128105e-03
3.671951844362e-03
6.078806465064e-03
1.749340421193e-02
2.024924055570e-02
1.758984234444e-02
1.392094804897e-02
1.037505590961e-02
7.225095565695e-03
6.612807578470e-03
5.628543172672e-03
5.377066884421e-03
6.135209866098e-03
1.085809926733e-02
1.877479320268e-02
2.686705488384e-02
2.926722345598e-02
3.112668150964e-02
3.115084569917e-02
2.618966437505e-02
2.227292362279e-02
1.811806167155e-02
1.512124643440e-02
1.204179418917e-02
9.691290337693e-03
1.161739036630e-02
1.535587105397e-02
1.845336117995e-02
1.880010341752e-02
1.629456976487e-02
1.454765231780e-02
1.409919271607e-02
1.511948551665e-02
1.600593941836e-02
1.494499091240e-02
1.388456560642e-02
1.328998423736e-02
1.275743879981e-02
1.279094166651e-02
1.354665965618e-02
1.498057235055e-02
1.618402268005e-02
1.749380609948e-02
1.836790271688e-02
1.849553188262e-02
1.429429446382e-02
1.290063264678e-02
1.308889380176e-02
1.249082809506e-02
1.114373368244e-02
1.019163605163e-02
1.060080080074e-02
1.135524011263e-02
1.223690366458e-02
1.294466035631e-02
1.414041255770e-02
1.412773525273e-02
1.363557114213e-02
1.281508111009e-02
1.202140239568e-02
1.174735033051e-02
1.104204027946e-02
1.036664713225e-02
9.701857854428e-03
9.032058615166e-03
8.846347818958e-03
1.354543696373e-02
2.167561245067e-02
2.761872183556e-02
2.992147324985e-02
2.991441699202e-02
3.006512117754e-02
2.939483913886e-02
3.028812088075e-02
3.050107056293e-02
2.883694641050e-02
2.172375209721e-02
1.950638332364e-02
1.966975719066e-02
2.040643761823e-02
2.229810148340e-02
2.370108407059e-02
2.434049555009e-02
2.459235960583e-02
2.353679563444e-02
2.272755730520e-02
1.672425124579e-02
1.254584976784e-02
1.429318679010e-02
1.761577237402e-02
2.118914560365e-02
2.441597455902e-02
2.485475111633e-02
2.350421452024e-02
2.361039152043e-02
2.314609258290e-02
2.148155472535e-02
1.814018743449e-02
1.728540559401e-02
1.822120800499e-02
1.947673540134e-02
2.187825658553e-02
2.369419672923e-02
2.480807386643e-02
2.521212840622e-02
2.525875168967e-02
2.603796063697e-02
2.389306281262e-02
2.191911400201e-02
2.241743503871e-02
2.254226450814e-02
2.265206149369e-02
2.352745860263e-02
2.347094282462e-02
2.429080799744e-02
2.598296757747e-02
2.402685359401e-02
2.049039255771e-02
1.489677948755e-02
1.203972886489e-02
9.287065797039e-03
8.030392057425e-03
6.221232350001e-03
5.407403272544e-03
5.007592174593e-03
4.680091020470e-03
4.690583086513e-03
4.630941489406e-03
4.651083561006e-03
4.576617091331e-03
4.583857816977e-03
4.760954063426e-03
4.730729598743e-03
4.815020657614e-03
4.519193841338e-03
4.339015400944e-03
4.261392329554e-03
3.919967759555e-03
3.646801414091e-03
4.226043094298e-03
6.356472626671e-03
9.463979203495e-03
1.006954661589e-02
8.724395191211e-03
6.589337831252e-03
5.702631763721e-03
4.733498684216e-03
5.463108815121e-03
7.144388554726e-03
8.832747064840e-03
6.243053923093e-03
3.761473560315e-03
5.953012495511e-03
1.414135225721e-02
2.546235825509e-02
3.320573014017e-02
3.436333707850e-02
2.300377634130e-02
1.201316342271e-02
8.094046271891e-03
2.117959546180e-02
5.132600240960e-02
8.201316300291e-02
1.010082000701e-01
1.033312633589e-01
9.028061287981e-02
6.644109793968e-02
4.711128901737e-02
3.288639867548e-02
5.637486993883e-02
1.181469087967e-01
1.984275376372e-01
2.844489475069e-01
3.198133625433e-01
2.621866494293e-01
1.740658860832e-01
2.247099686556e-01
4.327932768420e-01
6.293778599501e-01
7.095287053999e-01
6.118217884058e-01
4.669612735201e-01
3.237608162250e-01
1.985844949156e-01
1.139195599797e-01
6.427595037011e-02
7.559091490021e-02
1.579478630856e-01
3.587141124126e-01
6.096402218174e-01
8.502844763626e-01
8.660556441777e-01
7.044716971780e-01
4.959904762910e-01
2.896472952509e-01
1.399274541763e-01
5.233978379986e-02
3.014249307945e-02
4.855472443489e-02
9.450855633311e-02
1.065135177685e-01
8.898793909009e-02
5.948523162225e-02
2.645105765445e-02
1.583027908237e-02
1.663970483607e-02
2.224176176587e-02
3.114713948497e-02
4.309004468214e-02
6.067462362082e-02
6.480519395009e-02
5.298832402842e-02
3.061436085272e-02
1.364746830617e-02
5.383657964438e-03
4.359262447439e-03
6.158932807832e-03
6.017514072048e-03
4.871954938877e-03
3.471761321369e-03
6.045868453387e-03
1.306032130300e-02
1.989991794639e-02
2.512901576014e-02
2.287982540725e-02
1.572250085749e-02
9.657955596719e-03
5.526631508445e-03
3.457711581060e-03
2.633871023362e-03
2.555888262348e-03
9.305212018293e-03
1.208145672622e-02
1.083198682451e-02
1.469689810412e-02
3.212861450129e-02
5.712211842548e-02
9.105248496832e-02
1.082153895896e-01
9.917565305587e-02
7.185277495370e-02
2.766189213611e-02
7.394928590515e-03
1.013438959381e-02
2.413670483424e-02
3.521768265464e-02
3.349493304554e-02
2.451272863803e-02
1.715210711316e-02
4.204650487591e-02
1.071331134735e-01
1.783950965691e-01
2.225275187926e-01
2.310434968910e-01
2.040082626812e-01
1.419210946594e-01
5.866547482017e-02
2.245267239032e-02
7.697820038176e-02
1.835642392563e-01
2.495067938012e-01
2.735132202728e-01
2.638790832288e-01
2.262696722247e-01
1.661051228278e-01
1.038229546482e-01
6.393142499364e-02
1.062789692559e-01
2.554333654700e-01
5.052598036314e-01
7.625803596093e-01
8.923591164266e-01
9.087442511635e-01
8.251605957295e-01
6.480211563487e-01
4.079559570523e-01
2.157921403689e-01
1.244355584221e-01
1.453418445539e-01
2.668439402650e-01
4.490958394293e-01
5.648873813226e-01
5.664219161399e-01
4.607367154030e-01
3.147390408481e-01
1.727526902413e-01
7.409988181278e-02
2.225240769703e-02
3.452439524005e-02
9.670124168732e-02
1.413186672102e-01
1.562008726807e-01
1.522379866196e-01
1.400700126752e-01
1.201021375457e-01
9.585219281539e-02
7.538609021182e-02
5.384452518724e-02
2.973906941637e-02
1.506702212681e-02
5.321858257994e-03
1.541236541961e-03
6.998722819371e-04
8.540783074624e-04
1.081110651145e-03
1.461786190593e-03
2.614449946911e-03
3.200271674615e-03
4.622327958096e-03
5.160470487827e-03
5.482757034874e-03
6.414883213386e-03
4.524995211084e-03
3.211976889800e-03
1.692488600967e-03
1.345662420386e-03
6.949825556276e-04
6.322014548485e-04
7.821653043859e-04
9.596622550551e-04
5.875842865159e-03
1.504034139154e-02
3.143944196093e-02
6.331336051371e-02
1.051368945775e-01
1.441612189803e-01
1.627852431537e-01
1.392936878284e-01
8.438483873442e-02
3.526616899776e-02
1.110341775093e-02
3.574039022520e-02
8.568881898838e-02
1.195662299544e-01
1.255905492845e-01
1.118114816183e-01
8.566818129044e-02
6.323958983379e-02
7.082380739296e-02
1.477979354251e-01
2.844476410492e-01
4.861637103346e-01
7.052320593845e-01
8.379651111864e-01
8.590659113616e-01
7.962395160026e-01
6.823849123507e-01
5.260076192470e-01
3.800852177781e-01
2.748569442019e-01
2.440166613261e-01
2.805194066820e-01
3.515666287709e-01
4.260771934084e-01
4.534415036747e-01
3.981703723610e-01
2.978307020649e-01
1.965573304570e-01
1.220638775934e-01
8.500934201066e-02
5.966822133245e-02
4.093687753560e-02
2.666902073688e-02
1.574871823287e-02
8.880825625775e-03
6.893741285203e-03
9.971318802646e-03
1.757855499880e-02
3.019571413722e-02
5.177410127358e-02
7.258326115078e-02
8.009324486544e-02
8.060054764559e-02
6.711519210442e-02
4.362032531373e-02
2.267709981557e-02
1.160251637395e-02
6.023352185822e-03
3.556395702080e-03
6.042083700565e-03
6.984677021662e-03
7.047618284845e-03
7.037374389577e-03
6.543748716912e-03
5.332077340602e-03
4.634228963804e-03
3.791455689141e-03
3.481961475300e-03
3.035978950146e-03
2.118126237725e-03
1.720904010870e-03
1.818673783355e-03
2.121594358922e-03
2.963374401418e-03
3.465256007628e-03
3.759567146985e-03
4.627530213911e-03
4.694682407539e-03
3.987655520309e-03
3.130890433549e-03
2.893806135889e-03
2.705278625211e-03
3.531239082044e-03
3.593531193871e-03
3.702963995581e-03
4.031143070271e-03
3.941927242739e-03
3.242020682426e-03
3.026638280477e-03
2.686692317336e-03
2.419819928829e-03
3.475148815833e-03
5.289280334372e-03
7.485768374776e-03
1.034265117480e-02
1.186161219463e-02
1.107293764823e-02
9.689644950933e-03
7.930597637961e-03
6.802559554937e-03
6.852227173694e-03
7.402989530791e-03
8.361682893080e-03
1.013004412657e-02
1.101669189746e-02
5.687927460214e-03
2.934054115953e-03
1.591269959876e-03
1.278605605613e-03
1.157311587167e-03
1.268586853391e-03
1.446992972459e-03
1.725390073943e-03
1.939475361671e-03
1.899090208728e-03
1.476176253973e-03
1.090248962264e-03
1.669901886390e-03
2.008236052342e-03
2.490946631690e-03
2.908989919147e-03
3.173005978409e-03
3.569964875318e-03
4.803583692316e-03
7.216347873309e-03
9.155610542472e-03
1.093901160948e-02
1.164443555937e-02
1.456061274054e-02
1.835009903122e-02
1.984162207898e-02
1.859685092697e-02
1.673284377363e-02
1.401146551441e-02
1.236807072824e-02
1.201282124254e-02
1.218152065410e-02
1.394370626713e-02
1.613672314543e-02
1.745531361590e-02
1.632674707070e-02
1.499831458424e-02
1.368802102024e-02
1.056350100903e-02
9.398730761363e-03
7.604126894850e-03
7.453729326647e-03
7.682259895781e-03
7.329539796422e-03
8.036535107874e-03
9.816908116566e-03
1.135330674280e-02
1.789288279810e-02
2.773278740598e-02
2.976543673870e-02
2.534583743340e-02
2.031145260807e-02
1.582587885105e-02
1.223969476684e-02
9.731021038191e-03
8.859228554768e-03
8.231590909815e-03
7.483664977599e-03
7.069511260835e-03
1.347092376708e-02
1.724037738099e-02
1.811502915071e-02
1.696039322287e-02
1.426808985294e-02
1.227613148444e-02
1.132656677881e-02
1.086553306037e-02
1.100362380669e-02
1.034831927393e-02
1.031734225784e-02
1.048562219566e-02
1.270747176932e-02
1.653243421443e-02
1.963423688892e-02
2.358732233784e-02
2.382170972164e-02
2.428683719290e-02
2.339101004036e-02
2.228152387069e-02
2.213396619069e-02
2.223905308552e-02
2.204921810431e-02
2.737383849540e-02
3.651766751750e-02
4.826166859308e-02
5.661391842212e-02
6.576868506955e-02
7.727492669658e-02
8.582427806250e-02
9.263623760253e-02
1.007819943223e-01
1.055785801220e-01
1.090502230017e-01
1.137946811965e-01
7.685208256091e-02
5.568636230937e-02
4.747998824992e-02
4.383129677257e-02
4.209402369906e-02
3.965175833288e-02
3.955359598698e-02
4.254370654284e-02
4.251331990953e-02
4.057739847266e-02
3.816408913747e-02
2.375818345168e-02
8.380644977017e-03
3.853873805284e-03
2.317685139217e-03
1.770622413096e-03
1.773888820883e-03
2.462837707287e-03
6.298230032175e-03
1.133228646471e-02
2.157207940228e-02
3.157461666917e-02
3.637213070687e-02
4.264804540305e-02
4.610016192441e-02
4.597865420876e-02
3.819671149759e-02
3.164690022389e-02
2.585932700648e-02
1.760108988759e-02
1.187015715115e-02
9.120040368789e-03
6.922648090987e-03
5.535221716593e-03
7.114930045407e-03
1.572261081162e-02
3.026472091097e-02
3.787691189122e-02
3.713458900631e-02
2.844381584688e-02
2.097684483172e-02
1.053018191514e-02
5.321385516161e-03
9.243777401519e-03
2.228509454682e-02
3.616396861510e-02
4.612916946228e-02
4.511593901036e-02
4.193525795836e-02
3.435380722840e-02
2.663338338194e-02
2.145851261592e-02
2.346545679074e-02
3.829823715610e-02
6.548845278560e-02
9.845374904421e-02
1.330887800536e-01
1.619721219368e-01
1.783926441909e-01
1.778902309351e-01
1.616670783791e-01
1.338802469719e-01
1.011918044862e-01
7.302292978296e-02
5.428118546475e-02
5.405921311330e-02
7.905565157908e-02
1.203479745963e-01
1.623610839704e-01
1.955676711372e-01
2.157450555568e-01
2.294170047721e-01
2.359247128063e-01
2.396369978013e-01
2.380183931031e-01
2.331529497366e-01
2.238943483498e-01
2.093832111174e-01
1.916484826725e-01
1.703371091645e-01
1.470464220979e-01
1.249901415608e-01
1.126770667243e-01
1.061193496730e-01
1.065234506808e-01
1.128963331430e-01
1.209263913168e-01
1.253862882626e-01
1.207128258701e-01
1.086748188134e-01
9.134670134187e-02
6.934608143044e-02
4.882227912429e-02
3.247278458122e-02
1.855256302779e-02
9.502221190960e-03
7.026174251168e-03
1.137834455396e-02
2.356755921770e-02
4.600446996713e-02
7.010950774847e-02
7.832465113715e-02
7.773918458120e-02
6.851181060191e-02
5.655221889386e-02
4.539938239366e-02
3.912608203882e-02
3.787402637247e-02
3.813816991376e-02
3.940258434390e-02
3.995878228852e-02
3.945424126225e-02
3.844407589610e-02
3.730695793626e-02
3.636626818957e-02
3.565730123123e-02
3.425490453777e-02
2.947101567912e-02
2.711286311583e-02
2.657747896294e-02
2.641481936878e-02
2.797572131414e-02
3.023815667577e-02
3.113250910700e-02
3.176915295804e-02
3.073144704218e-02
2.909120834625e-02
2.843263947369e-02
2.799471677039e-02
2.079567136925e-02
1.844075201452e-02
1.873969503884e-02
2.015376243545e-02
2.133929453080e-02
2.165611900132e-02
2.185417771598e-02
2.158073664358e-02
2.181094265049e-02
2.295897128031e-02
2.481002552461e-02
2.418130485046e-02
1.798457570904e-02
1.494686791246e-02
1.216637679894e-02
9.976639569784e-03
9.187407749401e-03
9.109049624144e-03
9.274203692810e-03
9.500632468710e-03
7.948861435603e-03
7.625405132073e-03
7.557040683042e-03
8.947228040754e-03
9.415579070341e-03
7.853437736228e-03
5.992106348027e-03
4.415253094994e-03
4.039909192871e-03
2.891741537069e-03
2.592186012663e-03
2.847906633653e-03
3.297011732547e-03
3.740642389779e-03
3.438980094552e-03
5.912430258120e-03
1.172836564216e-02
1.694834109021e-02
2.068753567427e-02
2.060431836194e-02
1.915683343347e-02
1.606588247055e-02
1.371369979835e-02
1.243412096255e-02
8.596019792000e-03
5.109210345404e-03
3.008426916015e-03
1.154805092563e-03
8.059143437962e-04
9.125844498414e-04
1.978105502426e-03
3.793827002996e-03
5.270620669516e-03
6.411120958813e-03
6.101927462753e-03
4.933445204308e-03
3.521023533539e-03
2.025262541555e-03
1.122049590898e-03
8.926189696042e-04
1.529350296319e-03
1.804588123271e-03
1.617985805686e-03
2.110141051215e-03
2.869587078163e-03
3.114589895184e-03
3.545920105551e-03
3.159568767437e-03
2.942771470482e-03
2.105542169617e-03
2.298923169143e-03
7.618044597717e-03
1.040773034408e-02
1.186609069181e-02
9.170891561391e-03
7.040796754144e-03
5.004999082508e-03
3.894998255063e-03
3.183018427334e-03
2.989619381686e-03
2.118746212881e-03
2.251478637862e-03
4.058850185624e-03
8.254291497133e-03
1.303020218465e-02
1.524259987632e-02
1.669833432730e-02
1.471787664686e-02
9.899502780463e-03
5.516926646934e-03
2.652589655824e-03
1.521802017304e-03
1.182511945509e-03
1.883546968545e-03
1.985708918615e-03
2.171125820136e-03
3.035343106686e-03
6.444507289861e-03
1.293727474409e-02
1.843686289186e-02
2.328558864889e-02
2.732568625387e-02
2.573778387586e-02
2.203271737863e-02
1.637339452459e-02
8.475822680538e-03
4.608629657678e-03
2.242696463395e-03
1.879331257305e-03
3.373779742387e-03
6.390834287217e-03
1.168885152394e-02
1.749083653118e-02
2.280664089911e-02
2.365045440285e-02
2.388460713421e-02
2.340568002569e-02
2.192029579669e-02
1.863089826975e-02
1.624010720629e-02
1.517284756992e-02
1.661574550314e-02
1.637866840720e-02
1.547533799463e-02
1.661356381313e-02
1.750819704599e-02
1.774134043168e-02
2.014542012400e-02
1.990269782812e-02
1.902998388586e-02
1.457781881343e-02
1.024691367042e-02
5.983143182928e-03
4.109574044992e-03
3.793546086669e-03
3.396457187955e-03
3.364118218239e-03
3.676201069126e-03
4.650755816137e-03
5.947878729681e-03
6.611510044987e-03
9.672120850411e-03
1.003420533269e-02
7.366714348098e-03
5.285162086437e-03
2.259058723599e-03
5.849529308608e-04
3.127712908568e-04
6.502943279351e-04
1.052327739561e-03
8.470034402072e-04
1.083945870094e-03
1.601522250033e-03
7.160245418104e-03
1.749108984670e-02
2.945825342697e-02
3.963456047799e-02
4.202632993172e-02
3.996343664801e-02
3.050083334392e-02
2.025732058958e-02
7.806511241740e-03
2.110661208549e-03
4.158222962374e-03
9.936998243256e-03
9.134486852599e-03
4.508728595740e-03
4.352765380532e-03
1.341620175928e-02
3.047411172232e-02
5.352944231888e-02
6.935196425403e-02
6.633719324528e-02
5.255268577397e-02
2.685226865681e-02
9.270372774826e-03
2.760822346037e-02
7.351867132664e-02
1.173204847178e-01
1.321594917100e-01
1.219460599717e-01
9.789685867499e-02
6.443930621629e-02
4.879642564661e-02
9.130978608484e-02
2.075959630364e-01
3.841876801624e-01
5.915328577238e-01
7.049547102581e-01
7.405105303638e-01
7.070539933728e-01
6.318968961224e-01
5.277039551358e-01
4.248485258801e-01
3.313949044659e-01
2.714985142267e-01
2.655405819790e-01
3.00730680372